{"producer":{"name":"Blender","version":"2.90.1","exporter_version":"6.4.4","file":"Skin_test.babylon"},
"autoClear":true,"clearColor":[0.0509,0.0509,0.0509],"gravity":[0,-9.81,0],
"materials":[{"name":"Matériau","id":"Matériau","customType":"BABYLON.PBRMaterial","backFaceCulling":true,"checkReadyOnlyOnce":false,"maxSimultaneousLights":4,"environmentIntensity":1,"albedo":[0.8,0.8,0.8],"reflectivity":[0.5,0.5,0.5],"roughness":0.5,"alpha":1,"transparencyMode":0,"alphaCutOff":0.4,"metallic":0}],
"multiMaterials":[],
"skeletons":[{"name":"Armature","id":0,"dimensionsAtRest":[1.0761,1.4823,0],"bones":[
{"name":"Bone.00","index":0,"matrix":[0.6555,-0.4752,-0.587,0,0.587,0.8096,0,0,-0.4752,0.3445,-0.8096,0,0,0,0,1],"rest":[0.6555,-0.4752,-0.587,0,0.587,0.8096,0,0,-0.4752,0.3445,-0.8096,0,0,0,0,1],"parentBoneIndex":-1,"length":0.7819
,"animation":{"dataType":3,"framePerSecond":24,"keys":[
{"frame":1,"values":[0.6555,-0.4752,-0.587,0,0.587,0.8096,0,0,-0.4752,0.3445,-0.8096,0,0,0,0,1]},
{"frame":2,"values":[0.6534,-0.4781,-0.587,0,0.5905,0.807,0,0,-0.4737,0.3466,-0.8096,0,0,0,0,1]},
{"frame":3,"values":[0.6472,-0.4864,-0.587,0,0.6008,0.7994,0,0,-0.4692,0.3526,-0.8096,0,0,0,0,1]},
{"frame":4,"values":[0.6371,-0.4995,-0.587,0,0.617,0.787,0,0,-0.4619,0.3621,-0.8096,0,0,0,0,1]},
{"frame":5,"values":[0.6232,-0.5168,-0.587,0,0.6383,0.7698,0,0,-0.4518,0.3747,-0.8096,0,0,0,0,1]},
{"frame":6,"values":[0.6054,-0.5375,-0.587,0,0.6639,0.7478,0,0,-0.4389,0.3897,-0.8096,0,0,0,0,1]},
{"frame":7,"values":[0.5838,-0.5609,-0.587,0,0.6928,0.7211,0,0,-0.4233,0.4067,-0.8096,0,0,0,0,1]},
{"frame":8,"values":[0.5584,-0.5862,-0.587,0,0.7241,0.6897,0,0,-0.4048,0.425,-0.8096,0,0,0,0,1]},
{"frame":9,"values":[0.5293,-0.6126,-0.587,0,0.7567,0.6538,0,0,-0.3838,0.4441,-0.8096,0,0,0,0,1]},
{"frame":10,"values":[0.4968,-0.6392,-0.587,0,0.7896,0.6137,0,0,-0.3602,0.4634,-0.8096,0,0,0,0,1]},
{"frame":11,"values":[0.4613,-0.6654,-0.587,0,0.8218,0.5697,0,0,-0.3344,0.4824,-0.8096,0,0,0,0,1]},
{"frame":12,"values":[0.4231,-0.6903,-0.587,0,0.8526,0.5226,0,0,-0.3067,0.5004,-0.8096,0,0,0,0,1]},
{"frame":13,"values":[0.383,-0.7133,-0.587,0,0.8811,0.473,0,0,-0.2776,0.5171,-0.8096,0,0,0,0,1]},
{"frame":14,"values":[0.3416,-0.734,-0.587,0,0.9066,0.4219,0,0,-0.2476,0.5322,-0.8096,0,0,0,0,1]},
{"frame":15,"values":[0.2997,-0.7521,-0.587,0,0.9289,0.3702,0,0,-0.2173,0.5453,-0.8096,0,0,0,0,1]},
{"frame":16,"values":[0.2583,-0.7673,-0.587,0,0.9477,0.3191,0,0,-0.1873,0.5563,-0.8096,0,0,0,0,1]},
{"frame":17,"values":[0.2181,-0.7797,-0.587,0,0.963,0.2694,0,0,-0.1582,0.5653,-0.8096,0,0,0,0,1]},
{"frame":18,"values":[0.1801,-0.7893,-0.587,0,0.9749,0.2224,0,0,-0.1306,0.5723,-0.8096,0,0,0,0,1]},
{"frame":19,"values":[0.145,-0.7965,-0.587,0,0.9838,0.1791,0,0,-0.1051,0.5775,-0.8096,0,0,0,0,1]},
{"frame":20,"values":[0.1135,-0.8016,-0.587,0,0.9901,0.1402,0,0,-0.0823,0.5812,-0.8096,0,0,0,0,1]},
{"frame":21,"values":[0.0864,-0.805,-0.587,0,0.9943,0.1067,0,0,-0.0627,0.5836,-0.8096,0,0,0,0,1]},
{"frame":22,"values":[0.0643,-0.8071,-0.587,0,0.9968,0.0795,0,0,-0.0466,0.5851,-0.8096,0,0,0,0,1]},
{"frame":23,"values":[0.0478,-0.8082,-0.587,0,0.9983,0.0591,0,0,-0.0347,0.5859,-0.8096,0,0,0,0,1]},
{"frame":24,"values":[0.0375,-0.8087,-0.587,0,0.9989,0.0463,0,0,-0.0272,0.5863,-0.8096,0,0,0,0,1]},
{"frame":25,"values":[0.034,-0.8089,-0.587,0,0.9991,0.0419,0,0,-0.0246,0.5865,-0.8096,0,0,0,0,1]}],"loopBehavior":1,"name":"anim","property":"_matrix"}},
{"name":"Bone.01","index":1,"matrix":[0.5045,0.6967,0.5099,0,0.7998,-0.1548,-0.5799,0,-0.3251,0.7004,-0.6354,0,0,0.7819,0,1],"rest":[0.5045,0.6967,0.5099,0,0.7998,-0.1548,-0.5799,0,-0.3251,0.7004,-0.6354,0,0,0.7819,0,1],"parentBoneIndex":0,"length":0.7031
,"animation":{"dataType":3,"framePerSecond":24,"keys":[
{"frame":1,"values":[0.5045,0.6967,0.5099,0,0.7998,-0.1548,-0.5799,0,-0.3251,0.7004,-0.6354,0,0,0.7819,0,1]},
{"frame":2,"values":[0.4989,0.6978,0.514,0,0.8011,-0.145,-0.5808,0,-0.3307,0.7015,-0.6313,0,0,0.7819,0,1]},
{"frame":3,"values":[0.4824,0.7005,0.5259,0,0.8041,-0.1161,-0.583,0,-0.3473,0.7042,-0.6193,0,0,0.7819,0,1]},
{"frame":4,"values":[0.4552,0.7036,0.5457,0,0.8077,-0.0684,-0.5856,0,-0.3747,0.7073,-0.5994,0,0,0.7819,0,1]},
{"frame":5,"values":[0.4172,0.7052,0.5732,0,0.8096,-0.0018,-0.587,0,-0.4129,0.709,-0.5717,0,0,0.7819,0,1]},
{"frame":6,"values":[0.3682,0.7027,0.6087,0,0.8068,0.0839,-0.5849,0,-0.4621,0.7065,-0.536,0,0,0.7819,0,1]},
{"frame":7,"values":[0.3084,0.6926,0.6521,0,0.7951,0.1886,-0.5764,0,-0.5222,0.6963,-0.4925,0,0,0.7819,0,1]},
{"frame":8,"values":[0.2388,0.6704,0.7026,0,0.7696,0.3106,-0.5579,0,-0.5922,0.6739,-0.4417,0,0,0.7819,0,1]},
{"frame":9,"values":[0.1616,0.6313,0.7585,0,0.7247,0.4458,-0.5254,0,-0.6698,0.6346,-0.3855,0,0,0.7819,0,1]},
{"frame":10,"values":[0.081,0.5709,0.817,0,0.6554,0.587,-0.4752,0,-0.7509,0.574,-0.3267,0,0,0.7819,0,1]},
{"frame":11,"values":[0.0029,0.4866,0.8736,0,0.5586,0.7238,-0.405,0,-0.8294,0.4892,-0.2697,0,0,0.7819,0,1]},
{"frame":12,"values":[-0.0654,0.3788,0.9231,0,0.4349,0.8435,-0.3153,0,-0.8981,0.3809,-0.22,0,0,0.7819,0,1]},
{"frame":13,"values":[-0.117,0.2524,0.9605,0,0.2898,0.9338,-0.2101,0,-0.9499,0.2538,-0.1824,0,0,0.7819,0,1]},
{"frame":14,"values":[-0.1471,0.1158,0.9823,0,0.133,0.9864,-0.0964,0,-0.9801,0.1164,-0.1605,0,0,0.7819,0,1]},
{"frame":15,"values":[-0.1546,-0.0207,0.9878,0,-0.0238,0.9996,0.0172,0,-0.9877,-0.0208,-0.155,0,0,0.7819,0,1]},
{"frame":16,"values":[-0.1421,-0.1479,0.9787,0,-0.1698,0.9778,0.1231,0,-0.9752,-0.1487,-0.1641,0,0,0.7819,0,1]},
{"frame":17,"values":[-0.1148,-0.2594,0.9589,0,-0.2978,0.9299,0.2159,0,-0.9477,-0.2608,-0.184,0,0,0.7819,0,1]},
{"frame":18,"values":[-0.0785,-0.3522,0.9326,0,-0.4043,0.8664,0.2931,0,-0.9112,-0.3541,-0.2104,0,0,0.7819,0,1]},
{"frame":19,"values":[-0.0388,-0.4262,0.9038,0,-0.4893,0.7967,0.3547,0,-0.8713,-0.4285,-0.2394,0,0,0.7819,0,1]},
{"frame":20,"values":[0.0002,-0.4831,0.8756,0,-0.5546,0.7285,0.4021,0,-0.8321,-0.4857,-0.2678,0,0,0.7819,0,1]},
{"frame":21,"values":[0.0353,-0.5254,0.8501,0,-0.6032,0.667,0.4373,0,-0.7968,-0.5282,-0.2934,0,0,0.7819,0,1]},
{"frame":22,"values":[0.0645,-0.5556,0.829,0,-0.6378,0.616,0.4624,0,-0.7675,-0.5585,-0.3146,0,0,0.7819,0,1]},
{"frame":23,"values":[0.0864,-0.5757,0.8131,0,-0.6609,0.5776,0.4792,0,-0.7455,-0.5788,-0.3306,0,0,0.7819,0,1]},
{"frame":24,"values":[0.1001,-0.5873,0.8031,0,-0.6743,0.5535,0.4888,0,-0.7317,-0.5905,-0.3406,0,0,0.7819,0,1]},
{"frame":25,"values":[0.1048,-0.5912,0.7997,0,-0.6787,0.5452,0.4921,0,-0.7269,-0.5943,-0.3441,0,0,0.7819,0,1]}],"loopBehavior":1,"name":"anim","property":"_matrix"}},
{"name":"Bone.02","index":2,"matrix":[0.6342,0.6152,0.4682,0,-0.437,0.7849,-0.4393,0,-0.6378,0.074,0.7667,0,0,0.7031,0,1],"rest":[0.6342,0.6152,0.4682,0,-0.437,0.7849,-0.4393,0,-0.6378,0.074,0.7667,0,0,0.7031,0,1],"parentBoneIndex":1,"length":0.9935
,"animation":{"dataType":3,"framePerSecond":24,"keys":[
{"frame":1,"values":[0.6342,0.6152,0.4682,0,-0.437,0.7849,-0.4393,0,-0.6378,0.074,0.7667,0,0,0.7031,0,1]},
{"frame":2,"values":[0.6327,0.618,0.4667,0,-0.439,0.7827,-0.4413,0,-0.638,0.0744,0.7665,0,0,0.7031,0,1]},
{"frame":3,"values":[0.6282,0.6259,0.4622,0,-0.4446,0.7763,-0.4469,0,-0.6385,0.0753,0.7659,0,0,0.7031,0,1]},
{"frame":4,"values":[0.6209,0.6384,0.4549,0,-0.4534,0.7659,-0.4559,0,-0.6394,0.0768,0.765,0,0,0.7031,0,1]},
{"frame":5,"values":[0.611,0.6549,0.4448,0,-0.4652,0.7516,-0.4676,0,-0.6406,0.0788,0.7638,0,0,0.7031,0,1]},
{"frame":6,"values":[0.5984,0.6747,0.4322,0,-0.4792,0.7337,-0.4818,0,-0.6421,0.0812,0.7623,0,0,0.7031,0,1]},
{"frame":7,"values":[0.5833,0.6971,0.417,0,-0.4952,0.7121,-0.4978,0,-0.6439,0.0839,0.7605,0,0,0.7031,0,1]},
{"frame":8,"values":[0.5657,0.7215,0.3993,0,-0.5125,0.687,-0.5152,0,-0.646,0.0868,0.7584,0,0,0.7031,0,1]},
{"frame":9,"values":[0.5458,0.7471,0.3794,0,-0.5307,0.6586,-0.5335,0,-0.6484,0.0899,0.756,0,0,0.7031,0,1]},
{"frame":10,"values":[0.5239,0.7732,0.3573,0,-0.5492,0.6273,-0.5522,0,-0.6511,0.093,0.7533,0,0,0.7031,0,1]},
{"frame":11,"values":[0.5001,0.7993,0.3333,0,-0.5677,0.5933,-0.5707,0,-0.6539,0.0962,0.7504,0,0,0.7031,0,1]},
{"frame":12,"values":[0.4747,0.8245,0.3079,0,-0.5857,0.557,-0.5888,0,-0.657,0.0992,0.7474,0,0,0.7031,0,1]},
{"frame":13,"values":[0.4482,0.8486,0.2812,0,-0.6027,0.5192,-0.6059,0,-0.6602,0.1021,0.7441,0,0,0.7031,0,1]},
{"frame":14,"values":[0.421,0.8709,0.2538,0,-0.6186,0.4802,-0.6219,0,-0.6634,0.1048,0.7409,0,0,0.7031,0,1]},
{"frame":15,"values":[0.3934,0.8911,0.2261,0,-0.633,0.441,-0.6363,0,-0.6668,0.1072,0.7375,0,0,0.7031,0,1]},
{"frame":16,"values":[0.3662,0.9091,0.1987,0,-0.6457,0.402,-0.6492,0,-0.67,0.1094,0.7342,0,0,0.7031,0,1]},
{"frame":17,"values":[0.3397,0.9247,0.1721,0,-0.6568,0.3642,-0.6603,0,-0.6732,0.1113,0.731,0,0,0.7031,0,1]},
{"frame":18,"values":[0.3145,0.9378,0.1468,0,-0.6662,0.3282,-0.6697,0,-0.6763,0.1128,0.728,0,0,0.7031,0,1]},
{"frame":19,"values":[0.2912,0.9487,0.1233,0,-0.6739,0.2949,-0.6775,0,-0.6791,0.1141,0.7252,0,0,0.7031,0,1]},
{"frame":20,"values":[0.2701,0.9574,0.1022,0,-0.68,0.2649,-0.6837,0,-0.6816,0.1152,0.7226,0,0,0.7031,0,1]},
{"frame":21,"values":[0.252,0.9641,0.0839,0,-0.6848,0.2389,-0.6885,0,-0.6838,0.116,0.7204,0,0,0.7031,0,1]},
{"frame":22,"values":[0.237,0.9691,0.0689,0,-0.6883,0.2176,-0.692,0,-0.6856,0.1166,0.7186,0,0,0.7031,0,1]},
{"frame":23,"values":[0.2259,0.9724,0.0577,0,-0.6907,0.2016,-0.6944,0,-0.6869,0.117,0.7173,0,0,0.7031,0,1]},
{"frame":24,"values":[0.2189,0.9744,0.0506,0,-0.6922,0.1916,-0.6958,0,-0.6878,0.1172,0.7164,0,0,0.7031,0,1]},
{"frame":25,"values":[0.2164,0.9751,0.0482,0,-0.6926,0.1881,-0.6963,0,-0.6881,0.1173,0.7161,0,0,0.7031,0,1]}],"loopBehavior":1,"name":"anim","property":"_matrix"}}]
,"ranges":[{"name":"ArmatureAction","from":0,"to":25}]}],
"meshes":[{"name":"Vert","id":"Vert","materialId":"Matériau","billboardMode":0,"position":[0,0,0],"rotation":[0,0,0],"scaling":[1,1,1],"isVisible":true,"freezeWorldMatrix":false,"isEnabled":true,"checkCollisions":false,"receiveShadows":false,"pickable":true,"tags":"","skeletonId":0,"numBoneInfluencers":2
,"positions":[0.2024,-0.1467,-0.25,-0.2024,0.1467,0.25,0.2024,-0.1467,0.25,1.3243,-0.8194,-0.25,0.8279,-0.8791,0.25,1.3243,-0.8194,0.25,0.4319,0.1698,-0.25,0.2024,-0.1467,0.25,0.4319,0.1698,0.25,0.0271,0.4632,-0.25,0.2024,-0.1467,-0.25,0.4319,0.1698,-0.25,0.0271,0.4632,0.25,-0.2024,0.1467,-0.25,0.0271,0.4632,-0.25,0.4319,0.1698,0.25,-0.2024,0.1467,0.25
,0.0271,0.4632,0.25,0.479,0.3838,-0.25,0.4319,0.1698,0.25,0.479,0.3838,0.25,0.479,0.3838,-0.25,0.4319,0.1698,-0.25,0.4389,0.8822,0.25,0.0271,0.4632,-0.25,0.4389,0.8822,-0.25,0.479,0.3838,0.25,0.0271,0.4632,0.25,0.4389,0.8822,0.25,0.5319,0.2078,-0.25,0.479,0.3838,0.25,0.5319,0.2078,0.25,0.8845,0.5623,-0.25,0.479,0.3838,-0.25
,0.5319,0.2078,-0.25,0.8845,0.5623,0.25,0.4389,0.8822,-0.25,0.8845,0.5623,-0.25,0.8845,0.5623,0.25,0.479,0.3838,0.25,0.4389,0.8822,0.25,0.7327,0.0275,0.25,0.5319,0.2078,-0.25,0.5319,0.2078,0.25,0.7327,0.0275,-0.25,0.5319,0.2078,-0.25,1.1821,0.2468,0.25,0.8845,0.5623,-0.25,1.1821,0.2468,-0.25,0.7327,0.0275,0.25,0.8845,0.5623,0.25
,1.1821,0.2468,0.25,0.7686,-0.3859,-0.25,0.7327,0.0275,0.25,0.7686,-0.3859,0.25,1.265,-0.3262,-0.25,0.7686,-0.3859,-0.25,1.265,-0.3262,-0.25,1.1821,0.2468,0.25,1.1821,0.2468,-0.25,1.265,-0.3262,0.25,0.7327,0.0275,0.25,1.1821,0.2468,0.25,0.8279,-0.8791,0.25,0.7686,-0.3859,-0.25,0.7686,-0.3859,0.25,0.8279,-0.8791,-0.25,0.7686,-0.3859,-0.25
,1.3243,-0.8194,0.25,1.265,-0.3262,-0.25,1.3243,-0.8194,-0.25,0.8279,-0.8791,0.25,1.3243,-0.8194,0.25,-0.2024,0.1467,-0.25,0.8279,-0.8791,-0.25,0.2024,-0.1467,-0.25,0.2024,-0.1467,0.25,-0.2024,0.1467,-0.25,0.2024,-0.1467,-0.25,-0.2024,0.1467,0.25,0.4319,0.1698,0.25,0.2024,-0.1467,0.25,-0.2024,0.1467,0.25,0.4319,0.1698,-0.25,0.4319,0.1698,0.25
,0.479,0.3838,-0.25,0.4389,0.8822,-0.25,0.0271,0.4632,0.25,0.0271,0.4632,-0.25,0.479,0.3838,0.25,0.4319,0.1698,0.25,0.0271,0.4632,0.25,0.479,0.3838,-0.25,0.479,0.3838,0.25,0.4389,0.8822,-0.25,0.479,0.3838,-0.25,0.4389,0.8822,0.25,0.4389,0.8822,-0.25,0.8845,0.5623,0.25,0.5319,0.2078,0.25,0.479,0.3838,0.25,0.7327,0.0275,-0.25
,0.5319,0.2078,-0.25,1.1821,0.2468,-0.25,0.8845,0.5623,0.25,0.8845,0.5623,-0.25,0.7327,0.0275,0.25,0.5319,0.2078,0.25,0.8845,0.5623,0.25,0.7327,0.0275,-0.25,0.7327,0.0275,0.25,1.1821,0.2468,-0.25,1.265,-0.3262,-0.25,1.265,-0.3262,0.25,1.1821,0.2468,0.25,0.7686,-0.3859,0.25,0.7327,0.0275,0.25,0.8279,-0.8791,0.25,0.8279,-0.8791,-0.25
,0.7686,-0.3859,-0.25,1.3243,-0.8194,-0.25,1.3243,-0.8194,0.25,1.265,-0.3262,0.25,1.265,-0.3262,-0.25,0.8279,-0.8791,0.25,0.7686,-0.3859,0.25]
,"normals":[-0.587,-0.81,0,-0.587,-0.81,0,-0.587,-0.81,0,0.119,-0.993,0,0.119,-0.993,0,0.119,-0.993,0,0.81,-0.587,0,0.81,-0.587,0,0.81,-0.587,0,0,0,-1,0,0,-1,0,0,-1,-0.81,0.587,0,-0.81,0.587,0,-0.81,0.587,0,0,0,1,0,0,1
,0,0,1,0.977,-0.215,0,0.977,-0.215,0,0.977,-0.215,0,0,0,-1,0,0,-1,-0.713,0.701,0,-0.713,0.701,0,-0.713,0.701,0,0,0,1,0,0,1,0,0,1,-0.958,-0.288,0,-0.958,-0.288,0,-0.958,-0.288,0,0,0,-1,0,0,-1
,0,0,-1,0.583,0.812,0,0.583,0.812,0,0.583,0.812,0,0,0,1,0,0,1,0,0,1,-0.668,-0.744,0,-0.668,-0.744,0,-0.668,-0.744,0,0,0,-1,0,0,-1,0.727,0.686,0,0.727,0.686,0,0.727,0.686,0,0,0,1,0,0,1
,0,0,1,-0.996,-0.086,0,-0.996,-0.086,0,-0.996,-0.086,0,0,0,-1,0,0,-1,0.99,0.143,0,0.99,0.143,0,0.99,0.143,0,0,0,1,0,0,1,0,0,1,-0.993,-0.119,0,-0.993,-0.119,0,-0.993,-0.119,0,0,0,-1,0,0,-1
,0.993,0.119,0,0.993,0.119,0,0.993,0.119,0,0,0,1,0,0,1,-0.587,-0.81,0,0.119,-0.993,0,0.81,-0.587,0,0.81,-0.587,0,0,0,-1,0,0,-1,-0.81,0.587,0,0,0,1,0,0,1,0,0,1,0.977,-0.215,0,0.977,-0.215,0
,0,0,-1,0,0,-1,-0.713,0.701,0,-0.713,0.701,0,0,0,1,0,0,1,0,0,1,-0.958,-0.288,0,-0.958,-0.288,0,0,0,-1,0,0,-1,0.583,0.812,0,0.583,0.812,0,0,0,1,0,0,1,0,0,1,-0.668,-0.744,0
,-0.668,-0.744,0,0,0,-1,0.727,0.686,0,0.727,0.686,0,0,0,1,0,0,1,0,0,1,-0.996,-0.086,0,-0.996,-0.086,0,0,0,-1,0.99,0.143,0,0.99,0.143,0,0.99,0.143,0,0,0,1,0,0,1,-0.993,-0.119,0,-0.993,-0.119,0
,-0.993,-0.119,0,0,0,-1,0.993,0.119,0,0.993,0.119,0,0.993,0.119,0,0,0,1,0,0,1]
,"matricesWeights":[1,0,0,0,1,0,0,0,1,0,0,0,1,0,0,0,1,0,0,0,1,0,0,0,1,0,0,0,1,0,0,0,1,0,0,0,1,0,0,0,1,0,0,0,1,0,0,0,1,0
,0,0,1,0,0,0,1,0,0,0,1,0,0,0,1,0,0,0,1,0,0,0,1,1,0,0,1,0,0,0,1,1,0,0,1,1,0,0,1,0,0,0,1,1,0,0,1,0,0,0
,1,1,0,0,1,1,0,0,1,0,0,0,1,1,0,0,1,0,0,0,1,1,0,0,1,0,0,0,1,0,0,0,1,1,0,0,1,0,0,0,1,0,0,0,1,1,0,0,1,0
,0,0,1,0,0,0,1,1,0,0,1,1,0,0,1,1,0,0,1,0,0,0,1,0,0,0,1,1,0,0,1,0,0,0,1,1,0,0,1,0,0,0,1,1,0,0,1,1,0,0
,1,0,0,0,1,1,0,0,1,0,0,0,1,1,0,0,1,0,0,0,1,0,0,0,1,0,0,0,1,0,0,0,1,1,0,0,1,1,0,0,1,0,0,0,1,1,0,0,1,1
,0,0,1,0,0,0,1,0,0,0,1,0,0,0,1,0,0,0,1,0,0,0,1,0,0,0,1,0,0,0,1,0,0,0,1,0,0,0,1,0,0,0,1,0,0,0,1,0,0,0
,1,0,0,0,1,0,0,0,1,0,0,0,1,0,0,0,1,0,0,0,1,0,0,0,1,0,0,0,1,0,0,0,1,0,0,0,1,0,0,0,1,1,0,0,1,1,0,0,1,0
,0,0,1,0,0,0,1,1,0,0,1,0,0,0,1,0,0,0,1,1,0,0,1,1,0,0,1,1,0,0,1,1,0,0,1,1,0,0,1,1,0,0,1,0,0,0,1,0,0,0
,1,1,0,0,1,1,0,0,1,0,0,0,1,1,0,0,1,0,0,0,1,0,0,0,1,1,0,0,1,0,0,0,1,0,0,0,1,1,0,0,1,1,0,0,1,1,0,0,1,0
,0,0,1,0,0,0,1,1,0,0,1,0,0,0,1,1,0,0,1,0,0,0,1,0,0,0,1,0,0,0,1,0,0,0,1,0,0,0,1,0,0,0,1,0,0,0,1,0,0,0
,1,0,0,0]
,"matricesIndices":[0,0,0,2,2,2,0,0,0,0,0,0,0,0,0,0,0,0,256,0,256,256,0,256,0,256,256,0,256,1,256,1,1,256,1,1,256,1,1,256,256,513,1,1,513,1,513,1,513,513
,1,513,2,513,2,2,2,2,513,513,2,513,513,2,2,2,2,2,2,2,2,2,2,0,2,0,0,0,0,0,0,0,0,0,0,256,256,0,0,256,0,0,256,256,256,256,256,256,1,1
,256,513,1,513,1,1,513,1,1,513,513,513,2,2,513,2,513,2,2,2,2,2,2,2,2,2]
,"indices":[0,1,2,3,4,5,6,7,8,9,10,11,12,13,14,15,16,17,18,19,20,21,9,22,23,24,25,26,27,28,29,30,31,32,33,34,35,36,37,38,39,40,41,42,43,44,32,45,46,47,48
,49,50,51,52,53,54,55,44,56,57,58,59,60,61,62,63,64,65,66,55,67,68,69,70,71,60,72,0,73,1,3,74,4,6,75,76,9,77,78,12,79,13,80,81,82,18,83,84,85,86,9
,23,87,88,89,90,91,29,92,93,32,94,95,35,96,97,98,99,100,41,101,102,44,103,32,46,104,105,106,107,108,52,109,110,55,111,44,112,113,114,60,115,116,117,118,119,66,120,55,121,122,123
,124,125,60]
,"subMeshes":[{"materialIndex":0,"verticesStart":0,"verticesCount":126,"indexStart":0,"indexCount":156}]
,"instances":[]}
],
"morphTargetManagers":[],
"cameras":[{"name":"Camera","id":"Camera","position":[7.3589,4.9583,-6.9258],"rotation":[0.4615,-0.8149,0],"fov":0.6911,"minZ":0.1,"maxZ":100,"speed":1,"inertia":0.9,"checkCollisions":false,"applyGravity":false,"ellipsoid":[0.2,0.9,0.2],"cameraRigMode":0,"interaxial_distance":0.0637,"type":"UniversalCamera"}],"activeCameraID":"Camera",
"lights":[{"name":"Light","id":"Light","type":0,"position":[4.0762,5.9039,1.0055],"range":40,"intensityMode":0,"intensity":1,"diffuse":[1,1,1],"specular":[1,1,1],"radius":0.1}],
"shadowGenerators":[]
}