{"producer":{"name":"Blender","version":"2.90.1","exporter_version":"6.4.4","file":"Skin.babylon"},
"autoClear":true,"clearColor":[0.0509,0.0509,0.0509],"gravity":[0,-9.81,0],
"materials":[{"name":"Matériau","id":"Matériau","customType":"BABYLON.PBRMaterial","backFaceCulling":true,"checkReadyOnlyOnce":false,"maxSimultaneousLights":4,"environmentIntensity":1,"albedo":[0.8,0.8,0.8],"reflectivity":[0.5,0.5,0.5],"roughness":0.5,"alpha":1,"transparencyMode":0,"alphaCutOff":0.4,"metallic":0}],
"multiMaterials":[],
"skeletons":[{"name":"Armature","id":0,"dimensionsAtRest":[5.116,6.4222,4.2932],"bones":[
{"name":"Bone.01","index":0,"matrix":[1,0,0,0,0,1,0,0,0,0,-1,0,0,0.126,0,1],"rest":[1,0,0,0,0,1,0,0,0,0,-1,0,0,0.126,0,1],"parentBoneIndex":-1,"length":4.6059
,"animation":{"dataType":3,"framePerSecond":24,"keys":[
{"frame":0,"values":[1,0,0,0,0,1,0,0,0,0,-1,0,0,0.126,0,1]},
{"frame":25,"values":[1,0,0,0,0,1,0,0,0,0,-1,0,0,0.126,0,1]}],"loopBehavior":1,"name":"anim","property":"_matrix"}},
{"name":"Bone.00","index":1,"matrix":[1,0,0,0,0,1,0,0,0,0,1,0,0,4.6059,0,1],"rest":[1,0,0,0,0,1,0,0,0,0,1,0,0,4.6059,0,1],"parentBoneIndex":0,"length":0.4617
,"animation":{"dataType":3,"framePerSecond":24,"keys":[
{"frame":0,"values":[1,0,0,0,0,1,0,0,0,0,1,0,0,4.6059,0,1]},
{"frame":25,"values":[1,0,0,0,0,1,0,0,0,0,1,0,0,4.6059,0,1]}],"loopBehavior":1,"name":"anim","property":"_matrix"}},
{"name":"Bone.13","index":2,"matrix":[0.5949,0.2394,-0.7673,0,-0.7673,0.4534,-0.4534,0,0.2394,0.8585,0.4534,0,0,0.4617,0,1],"rest":[0.5949,0.2394,-0.7673,0,-0.7673,0.4534,-0.4534,0,0.2394,0.8585,0.4534,0,0,0.4617,0,1],"parentBoneIndex":1,"length":0.6557
,"animation":{"dataType":3,"framePerSecond":24,"keys":[
{"frame":0,"values":[0.5949,0.2394,-0.7673,0,-0.7673,0.4534,-0.4534,0,0.2394,0.8585,0.4534,0,0,0.4617,0,1]},
{"frame":25,"values":[0.5949,0.2394,-0.7673,0,-0.7673,0.4534,-0.4534,0,0.2394,0.8585,0.4534,0,0,0.4617,0,1]}],"loopBehavior":1,"name":"anim","property":"_matrix"}},
{"name":"Bone.14","index":3,"matrix":[1,0,0,0,0,1,0,0,0,0,1,0,0,0.6557,0,1],"rest":[1,0,0,0,0,1,0,0,0,0,1,0,0,0.6557,0,1],"parentBoneIndex":2,"length":0.6557
,"animation":{"dataType":3,"framePerSecond":24,"keys":[
{"frame":0,"values":[1,0,0,0,0,1,0,0,0,0,1,0,0,0.6557,0,1]},
{"frame":25,"values":[1,0,0,0,0,1,0,0,0,0,1,0,0,0.6557,0,1]}],"loopBehavior":1,"name":"anim","property":"_matrix"}},
{"name":"Bone.11","index":4,"matrix":[1,-0.0005,-0.0015,0,0.0005,1,0.0013,0,0.0015,-0.0013,1,0,0,0.6557,0,1],"rest":[1,0,0,0,0,1,0,0,0,0,1,0,0,0.6557,0,1],"parentBoneIndex":3,"length":0.6557
,"animation":{"dataType":3,"framePerSecond":24,"keys":[
{"frame":0,"values":[1,0,0,0,0,1,0,0,0,0,1,0,0,0.6557,0,1]},
{"frame":1,"values":[1,-0.0005,-0.0015,0,0.0005,1,0.0013,0,0.0015,-0.0013,1,0,0,0.6557,0,1]},
{"frame":2,"values":[1,-0.0021,-0.0059,0,0.0021,1,0.005,0,0.0059,-0.0051,1,0,0,0.6557,0,1]},
{"frame":3,"values":[0.9999,-0.0045,-0.0129,0,0.0046,0.9999,0.011,0,0.0128,-0.0111,0.9999,0,0,0.6557,0,1]},
{"frame":4,"values":[0.9997,-0.0077,-0.0223,0,0.0081,0.9998,0.019,0,0.0221,-0.0192,0.9996,0,0,0.6557,0,1]},
{"frame":5,"values":[0.9994,-0.0115,-0.0338,0,0.0125,0.9995,0.0287,0,0.0335,-0.0291,0.999,0,0,0.6557,0,1]},
{"frame":6,"values":[0.9988,-0.0158,-0.0473,0,0.0177,0.999,0.04,0,0.0467,-0.0408,0.9981,0,0,0.6557,0,1]},
{"frame":7,"values":[0.9978,-0.0204,-0.0626,0,0.0237,0.9983,0.0526,0,0.0614,-0.0539,0.9967,0,0,0.6557,0,1]},
{"frame":8,"values":[0.9965,-0.0252,-0.0792,0,0.0305,0.9973,0.0662,0,0.0774,-0.0684,0.9947,0,0,0.6557,0,1]},
{"frame":9,"values":[0.9948,-0.0301,-0.0971,0,0.038,0.996,0.0806,0,0.0943,-0.0839,0.992,0,0,0.6557,0,1]},
{"frame":10,"values":[0.9926,-0.035,-0.116,0,0.0462,0.9943,0.0956,0,0.112,-0.1003,0.9886,0,0,0.6557,0,1]},
{"frame":11,"values":[0.99,-0.0396,-0.1355,0,0.0549,0.9923,0.1109,0,0.1301,-0.1173,0.9845,0,0,0.6557,0,1]},
{"frame":12,"values":[0.9869,-0.0441,-0.1555,0,0.0641,0.9899,0.1264,0,0.1483,-0.1347,0.9797,0,0,0.6557,0,1]},
{"frame":13,"values":[0.9833,-0.0481,-0.1756,0,0.0736,0.9872,0.1417,0,0.1665,-0.1522,0.9742,0,0,0.6557,0,1]},
{"frame":14,"values":[0.9793,-0.0518,-0.1955,0,0.0834,0.9841,0.1566,0,0.1843,-0.1697,0.9681,0,0,0.6557,0,1]},
{"frame":15,"values":[0.975,-0.0551,-0.2151,0,0.0932,0.9808,0.1711,0,0.2015,-0.1868,0.9615,0,0,0.6557,0,1]},
{"frame":16,"values":[0.9705,-0.058,-0.2339,0,0.1029,0.9774,0.1848,0,0.2179,-0.2034,0.9545,0,0,0.6557,0,1]},
{"frame":17,"values":[0.9659,-0.0603,-0.2518,0,0.1123,0.9738,0.1976,0,0.2333,-0.2192,0.9474,0,0,0.6557,0,1]},
{"frame":18,"values":[0.9613,-0.0623,-0.2685,0,0.1214,0.9703,0.2094,0,0.2474,-0.2339,0.9403,0,0,0.6557,0,1]},
{"frame":19,"values":[0.9568,-0.0639,-0.2837,0,0.1298,0.9668,0.22,0,0.2602,-0.2473,0.9333,0,0,0.6557,0,1]},
{"frame":20,"values":[0.9526,-0.0651,-0.2972,0,0.1374,0.9636,0.2293,0,0.2714,-0.2592,0.9269,0,0,0.6557,0,1]},
{"frame":21,"values":[0.9489,-0.066,-0.3087,0,0.144,0.9607,0.2372,0,0.281,-0.2695,0.9211,0,0,0.6557,0,1]},
{"frame":22,"values":[0.9457,-0.0666,-0.3181,0,0.1494,0.9583,0.2435,0,0.2886,-0.2778,0.9163,0,0,0.6557,0,1]},
{"frame":23,"values":[0.9433,-0.067,-0.3251,0,0.1535,0.9565,0.2482,0,0.2943,-0.284,0.9125,0,0,0.6557,0,1]},
{"frame":24,"values":[0.9418,-0.0673,-0.3295,0,0.1561,0.9553,0.2511,0,0.2978,-0.2879,0.9102,0,0,0.6557,0,1]},
{"frame":25,"values":[0.9412,-0.0673,-0.331,0,0.157,0.9549,0.2521,0,0.2991,-0.2892,0.9093,0,0,0.6557,0,1]}],"loopBehavior":1,"name":"anim","property":"_matrix"}},
{"name":"Bone.12","index":5,"matrix":[0.5604,0.422,-0.7127,0,-0.7961,0.5118,-0.3229,0,0.2285,0.7483,0.6228,0,0,0.6557,0,1],"rest":[0.556,0.4201,-0.7172,0,-0.7988,0.5085,-0.3214,0,0.2296,0.7516,0.6183,0,0,0.6557,0,1],"parentBoneIndex":4,"length":1.2242
,"animation":{"dataType":3,"framePerSecond":24,"keys":[
{"frame":0,"values":[0.556,0.4201,-0.7172,0,-0.7988,0.5085,-0.3214,0,0.2296,0.7516,0.6183,0,0,0.6557,0,1]},
{"frame":1,"values":[0.5604,0.422,-0.7127,0,-0.7961,0.5118,-0.3229,0,0.2285,0.7483,0.6228,0,0,0.6557,0,1]},
{"frame":2,"values":[0.5729,0.4273,-0.6994,0,-0.7881,0.5215,-0.327,0,0.225,0.7385,0.6355,0,0,0.6557,0,1]},
{"frame":3,"values":[0.5929,0.4352,-0.6775,0,-0.7749,0.5372,-0.3331,0,0.219,0.7225,0.6558,0,0,0.6557,0,1]},
{"frame":4,"values":[0.6194,0.445,-0.6468,0,-0.7565,0.5584,-0.3403,0,0.2097,0.7001,0.6825,0,0,0.6557,0,1]},
{"frame":5,"values":[0.6514,0.4553,-0.607,0,-0.7328,0.5848,-0.3478,0,0.1966,0.6714,0.7146,0,0,0.6557,0,1]},
{"frame":6,"values":[0.6876,0.4649,-0.5577,0,-0.7038,0.6158,-0.3543,0,0.1787,0.6361,0.7506,0,0,0.6557,0,1]},
{"frame":7,"values":[0.7266,0.4724,-0.499,0,-0.6693,0.6508,-0.3585,0,0.1554,0.5944,0.789,0,0,0.6557,0,1]},
{"frame":8,"values":[0.7666,0.4761,-0.4309,0,-0.6297,0.6889,-0.3591,0,0.1259,0.5466,0.8279,0,0,0.6557,0,1]},
{"frame":9,"values":[0.8058,0.4746,-0.3542,0,-0.5854,0.729,-0.3548,0,0.0898,0.4932,0.8653,0,0,0.6557,0,1]},
{"frame":10,"values":[0.8421,0.4667,-0.2701,0,-0.5372,0.7698,-0.3446,0,0.0471,0.4353,0.899,0,0,0.6557,0,1]},
{"frame":11,"values":[0.8738,0.4516,-0.1804,0,-0.4862,0.81,-0.3279,0,-0.002,0.3742,0.9273,0,0,0.6557,0,1]},
{"frame":12,"values":[0.8992,0.4287,-0.0874,0,-0.4339,0.848,-0.3043,0,-0.0564,0.3116,0.9485,0,0,0.6557,0,1]},
{"frame":13,"values":[0.9172,0.3985,0.0062,0,-0.3816,0.8827,-0.2743,0,-0.1148,0.2492,0.9616,0,0,0.6557,0,1]},
{"frame":14,"values":[0.9272,0.3617,0.0976,0,-0.331,0.9129,-0.2387,0,-0.1755,0.189,0.9662,0,0,0.6557,0,1]},
{"frame":15,"values":[0.9294,0.3199,0.1844,0,-0.2834,0.9381,-0.1989,0,-0.2366,0.1326,0.9625,0,0,0.6557,0,1]},
{"frame":16,"values":[0.9245,0.2747,0.2644,0,-0.24,0.9581,-0.1564,0,-0.2963,0.0811,0.9517,0,0,0.6557,0,1]},
{"frame":17,"values":[0.9138,0.2282,0.3361,0,-0.2014,0.973,-0.113,0,-0.3528,0.0356,0.935,0,0,0.6557,0,1]},
{"frame":18,"values":[0.8988,0.1822,0.3987,0,-0.1681,0.9832,-0.0705,0,-0.4048,-0.0036,0.9144,0,0,0.6557,0,1]},
{"frame":19,"values":[0.8813,0.1386,0.4518,0,-0.1401,0.9897,-0.0305,0,-0.4513,-0.0364,0.8916,0,0,0.6557,0,1]},
{"frame":20,"values":[0.8629,0.099,0.4955,0,-0.1172,0.9931,0.0058,0,-0.4915,-0.0631,0.8686,0,0,0.6557,0,1]},
{"frame":21,"values":[0.8453,0.0645,0.5304,0,-0.0992,0.9944,0.0372,0,-0.525,-0.0841,0.8469,0,0,0.6557,0,1]},
{"frame":22,"values":[0.8298,0.0363,0.5569,0,-0.0856,0.9943,0.0629,0,-0.5515,-0.0998,0.8282,0,0,0.6557,0,1]},
{"frame":23,"values":[0.8176,0.0152,0.5756,0,-0.0762,0.9937,0.082,0,-0.5707,-0.1108,0.8136,0,0,0.6557,0,1]},
{"frame":24,"values":[0.8097,0.002,0.5868,0,-0.0705,0.9931,0.0939,0,-0.5825,-0.1174,0.8043,0,0,0.6557,0,1]},
{"frame":25,"values":[0.807,-0.0026,0.5906,0,-0.0686,0.9928,0.098,0,-0.5866,-0.1196,0.801,0,0,0.6557,0,1]}],"loopBehavior":1,"name":"anim","property":"_matrix"}},
{"name":"Bone.18","index":6,"matrix":[-0.4783,-0.8224,0.3079,0,0.8616,-0.3716,0.3458,0,-0.17,0.4307,0.8863,0,0,0.6557,0,1],"rest":[-0.4816,-0.8196,0.3103,0,0.8602,-0.3744,0.3462,0,-0.1676,0.4337,0.8854,0,0,0.6557,0,1],"parentBoneIndex":3,"length":1.2348
,"animation":{"dataType":3,"framePerSecond":24,"keys":[
{"frame":0,"values":[-0.4816,-0.8196,0.3103,0,0.8602,-0.3744,0.3462,0,-0.1676,0.4337,0.8854,0,0,0.6557,0,1]},
{"frame":1,"values":[-0.4783,-0.8224,0.3079,0,0.8616,-0.3716,0.3458,0,-0.17,0.4307,0.8863,0,0,0.6557,0,1]},
{"frame":2,"values":[-0.4687,-0.8305,0.301,0,0.8655,-0.3635,0.3448,0,-0.1769,0.4221,0.8891,0,0,0.6557,0,1]},
{"frame":3,"values":[-0.4531,-0.843,0.2898,0,0.8714,-0.3504,0.3432,0,-0.1878,0.4081,0.8934,0,0,0.6557,0,1]},
{"frame":4,"values":[-0.4317,-0.8592,0.2745,0,0.8791,-0.3326,0.3414,0,-0.2021,0.3887,0.8989,0,0,0.6557,0,1]},
{"frame":5,"values":[-0.4045,-0.8781,0.2554,0,0.8879,-0.3102,0.3396,0,-0.219,0.3642,0.9052,0,0,0.6557,0,1]},
{"frame":6,"values":[-0.3717,-0.8987,0.2328,0,0.8974,-0.2836,0.3382,0,-0.2379,0.3346,0.9118,0,0,0.6557,0,1]},
{"frame":7,"values":[-0.3335,-0.9198,0.2068,0,0.9068,-0.2529,0.3373,0,-0.258,0.3,0.9184,0,0,0.6557,0,1]},
{"frame":8,"values":[-0.2902,-0.9403,0.1778,0,0.9156,-0.2187,0.3373,0,-0.2783,0.2607,0.9244,0,0,0.6557,0,1]},
{"frame":9,"values":[-0.2422,-0.9591,0.1464,0,0.9233,-0.1815,0.3386,0,-0.2982,0.2172,0.9295,0,0,0.6557,0,1]},
{"frame":10,"values":[-0.1902,-0.9752,0.113,0,0.9293,-0.1417,0.3412,0,-0.3167,0.1699,0.9332,0,0,0.6557,0,1]},
{"frame":11,"values":[-0.1351,-0.9877,0.0783,0,0.9331,-0.1002,0.3453,0,-0.3332,0.1197,0.9352,0,0,0.6557,0,1]},
{"frame":12,"values":[-0.0777,-0.9961,0.0429,0,0.9346,-0.0578,0.351,0,-0.3471,0.0674,0.9354,0,0,0.6557,0,1]},
{"frame":13,"values":[-0.0192,-0.9998,0.0075,0,0.9335,-0.0153,0.3582,0,-0.358,0.0139,0.9336,0,0,0.6557,0,1]},
{"frame":14,"values":[0.0392,-0.9989,-0.0271,0,0.9299,0.0265,0.3668,0,-0.3657,-0.0395,0.9299,0,0,0.6557,0,1]},
{"frame":15,"values":[0.0964,-0.9935,-0.0603,0,0.924,0.0668,0.3766,0,-0.3701,-0.092,0.9244,0,0,0.6557,0,1]},
{"frame":16,"values":[0.1513,-0.9842,-0.0915,0,0.916,0.1048,0.3872,0,-0.3715,-0.1424,0.9174,0,0,0.6557,0,1]},
{"frame":17,"values":[0.2029,-0.9718,-0.1202,0,0.9065,0.14,0.3983,0,-0.3703,-0.1898,0.9093,0,0,0.6557,0,1]},
{"frame":18,"values":[0.2503,-0.9571,-0.1461,0,0.896,0.1718,0.4095,0,-0.3668,-0.2334,0.9005,0,0,0.6557,0,1]},
{"frame":19,"values":[0.2928,-0.9411,-0.1689,0,0.8851,0.1999,0.4203,0,-0.3618,-0.2726,0.8915,0,0,0.6557,0,1]},
{"frame":20,"values":[0.3299,-0.925,-0.1885,0,0.8744,0.2241,0.4305,0,-0.356,-0.3068,0.8827,0,0,0.6557,0,1]},
{"frame":21,"values":[0.361,-0.9098,-0.2046,0,0.8644,0.2441,0.4395,0,-0.3499,-0.3355,0.8746,0,0,0.6557,0,1]},
{"frame":22,"values":[0.3859,-0.8966,-0.2174,0,0.8559,0.26,0.447,0,-0.3442,-0.3585,0.8677,0,0,0.6557,0,1]},
{"frame":23,"values":[0.4041,-0.8862,-0.2266,0,0.8493,0.2715,0.4527,0,-0.3397,-0.3754,0.8624,0,0,0.6557,0,1]},
{"frame":24,"values":[0.4154,-0.8795,-0.2323,0,0.8451,0.2786,0.4563,0,-0.3366,-0.3858,0.859,0,0,0.6557,0,1]},
{"frame":25,"values":[0.4192,-0.8772,-0.2342,0,0.8436,0.281,0.4576,0,-0.3355,-0.3894,0.8578,0,0,0.6557,0,1]}],"loopBehavior":1,"name":"anim","property":"_matrix"}},
{"name":"Bone.19","index":7,"matrix":[0.8415,-0.362,0.4009,0,0.4825,0.8375,-0.2564,0,-0.2429,0.4092,0.8795,0,0,1.2348,0,1],"rest":[0.8416,-0.3604,0.4023,0,0.4809,0.839,-0.2544,0,-0.2459,0.4076,0.8794,0,0,1.2348,0,1],"parentBoneIndex":6,"length":0.7682
,"animation":{"dataType":3,"framePerSecond":24,"keys":[
{"frame":0,"values":[0.8416,-0.3604,0.4023,0,0.4809,0.839,-0.2544,0,-0.2459,0.4076,0.8794,0,0,1.2348,0,1]},
{"frame":1,"values":[0.8415,-0.362,0.4009,0,0.4825,0.8375,-0.2564,0,-0.2429,0.4092,0.8795,0,0,1.2348,0,1]},
{"frame":2,"values":[0.8414,-0.3669,0.3968,0,0.487,0.8331,-0.2622,0,-0.2344,0.4138,0.8797,0,0,1.2348,0,1]},
{"frame":3,"values":[0.841,-0.3748,0.3902,0,0.494,0.826,-0.2714,0,-0.2206,0.421,0.8798,0,0,1.2348,0,1]},
{"frame":4,"values":[0.8402,-0.3853,0.3815,0,0.5032,0.8162,-0.2839,0,-0.202,0.4305,0.8797,0,0,1.2348,0,1]},
{"frame":5,"values":[0.8389,-0.3984,0.3709,0,0.5141,0.8038,-0.2993,0,-0.1789,0.4417,0.8791,0,0,1.2348,0,1]},
{"frame":6,"values":[0.8368,-0.4138,0.3587,0,0.5262,0.789,-0.3173,0,-0.1517,0.4543,0.8779,0,0,1.2348,0,1]},
{"frame":7,"values":[0.8337,-0.4311,0.3451,0,0.5389,0.7717,-0.3378,0,-0.1207,0.4676,0.8757,0,0,1.2348,0,1]},
{"frame":8,"values":[0.8294,-0.4503,0.3306,0,0.5519,0.7521,-0.3603,0,-0.0864,0.4813,0.8723,0,0,1.2348,0,1]},
{"frame":9,"values":[0.8239,-0.4708,0.3154,0,0.5646,0.7303,-0.3845,0,-0.0493,0.4949,0.8676,0,0,1.2348,0,1]},
{"frame":10,"values":[0.817,-0.4925,0.2998,0,0.5765,0.7067,-0.4101,0,-0.0099,0.5079,0.8614,0,0,1.2348,0,1]},
{"frame":11,"values":[0.8087,-0.515,0.2843,0,0.5874,0.6815,-0.4365,0,0.0311,0.52,0.8536,0,0,1.2348,0,1]},
{"frame":12,"values":[0.799,-0.5378,0.2689,0,0.5969,0.655,-0.4634,0,0.0731,0.5308,0.8444,0,0,1.2348,0,1]},
{"frame":13,"values":[0.788,-0.5607,0.2541,0,0.6047,0.6276,-0.4903,0,0.1155,0.5401,0.8337,0,0,1.2348,0,1]},
{"frame":14,"values":[0.776,-0.5833,0.2401,0,0.6108,0.5998,-0.5169,0,0.1575,0.5477,0.8217,0,0,1.2348,0,1]},
{"frame":15,"values":[0.763,-0.6052,0.2271,0,0.6151,0.572,-0.5426,0,0.1985,0.5537,0.8087,0,0,1.2348,0,1]},
{"frame":16,"values":[0.7495,-0.626,0.2151,0,0.6177,0.5447,-0.5672,0,0.2379,0.558,0.795,0,0,1.2348,0,1]},
{"frame":17,"values":[0.7358,-0.6456,0.2044,0,0.6188,0.5185,-0.5901,0,0.275,0.5607,0.781,0,0,1.2348,0,1]},
{"frame":18,"values":[0.7223,-0.6635,0.195,0,0.6186,0.4937,-0.6113,0,0.3093,0.5621,0.767,0,0,1.2348,0,1]},
{"frame":19,"values":[0.7093,-0.6797,0.1869,0,0.6173,0.4709,-0.6302,0,0.3404,0.5624,0.7536,0,0,1.2348,0,1]},
{"frame":20,"values":[0.6973,-0.6938,0.1801,0,0.6153,0.4506,-0.6468,0,0.3676,0.5618,0.7411,0,0,1.2348,0,1]},
{"frame":21,"values":[0.6867,-0.7057,0.1745,0,0.613,0.433,-0.6608,0,0.3908,0.5608,0.73,0,0,1.2348,0,1]},
{"frame":22,"values":[0.6778,-0.7153,0.1702,0,0.6107,0.4188,-0.6721,0,0.4094,0.5595,0.7207,0,0,1.2348,0,1]},
{"frame":23,"values":[0.6711,-0.7223,0.1672,0,0.6088,0.4081,-0.6803,0,0.4232,0.5583,0.7136,0,0,1.2348,0,1]},
{"frame":24,"values":[0.6668,-0.7267,0.1653,0,0.6074,0.4014,-0.6855,0,0.4318,0.5575,0.7091,0,0,1.2348,0,1]},
{"frame":25,"values":[0.6653,-0.7282,0.1647,0,0.607,0.3991,-0.6872,0,0.4347,0.5572,0.7075,0,0,1.2348,0,1]}],"loopBehavior":1,"name":"anim","property":"_matrix"}},
{"name":"Bone.20","index":8,"matrix":[0.5246,0.345,0.7783,0,0.5446,0.5668,-0.6182,0,-0.6544,0.7482,0.1095,0,0,0.7682,0,1],"rest":[0.5216,0.3476,0.7792,0,0.5463,0.5655,-0.6179,0,-0.6554,0.7479,0.1051,0,0,0.7682,0,1],"parentBoneIndex":7,"length":0.5456
,"animation":{"dataType":3,"framePerSecond":24,"keys":[
{"frame":0,"values":[0.5216,0.3476,0.7792,0,0.5463,0.5655,-0.6179,0,-0.6554,0.7479,0.1051,0,0,0.7682,0,1]},
{"frame":1,"values":[0.5246,0.345,0.7783,0,0.5446,0.5668,-0.6182,0,-0.6544,0.7482,0.1095,0,0,0.7682,0,1]},
{"frame":2,"values":[0.5334,0.3373,0.7757,0,0.5397,0.5705,-0.6192,0,-0.6514,0.7489,0.1222,0,0,0.7682,0,1]},
{"frame":3,"values":[0.5474,0.3251,0.7712,0,0.5318,0.5765,-0.6204,0,-0.6463,0.7497,0.1427,0,0,0.7682,0,1]},
{"frame":4,"values":[0.566,0.3087,0.7645,0,0.5211,0.5846,-0.6218,0,-0.6388,0.7503,0.17,0,0,0.7682,0,1]},
{"frame":5,"values":[0.5886,0.2884,0.7552,0,0.508,0.5947,-0.6231,0,-0.6288,0.7504,0.2036,0,0,0.7682,0,1]},
{"frame":6,"values":[0.6147,0.2647,0.743,0,0.4927,0.6068,-0.6237,0,-0.616,0.7495,0.2426,0,0,0.7682,0,1]},
{"frame":7,"values":[0.6434,0.2381,0.7276,0,0.4755,0.6205,-0.6236,0,-0.5999,0.7472,0.2861,0,0,0.7682,0,1]},
{"frame":8,"values":[0.6741,0.209,0.7085,0,0.4568,0.6358,-0.6222,0,-0.5805,0.743,0.3331,0,0,0.7682,0,1]},
{"frame":9,"values":[0.7059,0.1782,0.6856,0,0.4368,0.6524,-0.6193,0,-0.5576,0.7366,0.3827,0,0,0.7682,0,1]},
{"frame":10,"values":[0.738,0.1462,0.6588,0,0.4161,0.67,-0.6148,0,-0.5313,0.7278,0.4336,0,0,0.7682,0,1]},
{"frame":11,"values":[0.7696,0.1136,0.6283,0,0.3951,0.6883,-0.6084,0,-0.5016,0.7165,0.4849,0,0,0.7682,0,1]},
{"frame":12,"values":[0.8001,0.0812,0.5943,0,0.3741,0.707,-0.6002,0,-0.4689,0.7025,0.5353,0,0,0.7682,0,1]},
{"frame":13,"values":[0.8287,0.0495,0.5575,0,0.3536,0.7257,-0.5901,0,-0.4338,0.6862,0.5839,0,0,0.7682,0,1]},
{"frame":14,"values":[0.8549,0.0192,0.5184,0,0.3341,0.7441,-0.5785,0,-0.3969,0.6678,0.6297,0,0,0.7682,0,1]},
{"frame":15,"values":[0.8784,-0.0092,0.4779,0,0.3157,0.7619,-0.5656,0,-0.3589,0.6477,0.6721,0,0,0.7682,0,1]},
{"frame":16,"values":[0.8988,-0.0353,0.437,0,0.2988,0.7786,-0.5517,0,-0.3208,0.6265,0.7104,0,0,0.7682,0,1]},
{"frame":17,"values":[0.9161,-0.0588,0.3966,0,0.2836,0.7942,-0.5374,0,-0.2834,0.6048,0.7443,0,0,0.7682,0,1]},
{"frame":18,"values":[0.9304,-0.0795,0.3577,0,0.2702,0.8084,-0.523,0,-0.2476,0.5833,0.7736,0,0,0.7682,0,1]},
{"frame":19,"values":[0.9419,-0.0974,0.3213,0,0.2586,0.8209,-0.5091,0,-0.2142,0.5626,0.7985,0,0,0.7682,0,1]},
{"frame":20,"values":[0.9509,-0.1124,0.2884,0,0.2489,0.8318,-0.4962,0,-0.1841,0.5436,0.8189,0,0,0.7682,0,1]},
{"frame":21,"values":[0.9576,-0.1246,0.2599,0,0.241,0.8408,-0.4847,0,-0.1581,0.5267,0.8352,0,0,0.7682,0,1]},
{"frame":22,"values":[0.9624,-0.1341,0.2364,0,0.2349,0.848,-0.4751,0,-0.1368,0.5127,0.8476,0,0,0.7682,0,1]},
{"frame":23,"values":[0.9655,-0.1408,0.2188,0,0.2305,0.8533,-0.4678,0,-0.1208,0.5021,0.8563,0,0,0.7682,0,1]},
{"frame":24,"values":[0.9674,-0.1449,0.2078,0,0.2278,0.8565,-0.4632,0,-0.1108,0.4954,0.8616,0,0,0.7682,0,1]},
{"frame":25,"values":[0.968,-0.1463,0.204,0,0.2269,0.8576,-0.4615,0,-0.1074,0.493,0.8634,0,0,0.7682,0,1]}],"loopBehavior":1,"name":"anim","property":"_matrix"}},
{"name":"Bone.15","index":9,"matrix":[0.3754,0.0355,-0.9262,0,-0.9221,0.1149,-0.3694,0,0.0933,0.9927,0.0759,0,0,0.6557,0,1],"rest":[0.3768,0.0346,-0.9257,0,-0.9217,0.1139,-0.3709,0,0.0926,0.9929,0.0748,0,0,0.6557,0,1],"parentBoneIndex":2,"length":2.1429
,"animation":{"dataType":3,"framePerSecond":24,"keys":[
{"frame":0,"values":[0.3768,0.0346,-0.9257,0,-0.9217,0.1139,-0.3709,0,0.0926,0.9929,0.0748,0,0,0.6557,0,1]},
{"frame":1,"values":[0.3754,0.0355,-0.9262,0,-0.9221,0.1149,-0.3694,0,0.0933,0.9927,0.0759,0,0,0.6557,0,1]},
{"frame":2,"values":[0.3716,0.0383,-0.9276,0,-0.9235,0.1176,-0.3651,0,0.0951,0.9923,0.0791,0,0,0.6557,0,1]},
{"frame":3,"values":[0.3655,0.0428,-0.9298,0,-0.9256,0.1219,-0.3582,0,0.098,0.9916,0.0842,0,0,0.6557,0,1]},
{"frame":4,"values":[0.3573,0.0488,-0.9327,0,-0.9284,0.1276,-0.3489,0,0.1019,0.9906,0.0909,0,0,0.6557,0,1]},
{"frame":5,"values":[0.3472,0.0563,-0.9361,0,-0.9317,0.1345,-0.3374,0,0.1069,0.9893,0.0991,0,0,0.6557,0,1]},
{"frame":6,"values":[0.3354,0.0651,-0.9398,0,-0.9353,0.1424,-0.3239,0,0.1127,0.9877,0.1086,0,0,0.6557,0,1]},
{"frame":7,"values":[0.3222,0.0751,-0.9437,0,-0.9391,0.1511,-0.3086,0,0.1194,0.9857,0.1192,0,0,0.6557,0,1]},
{"frame":8,"values":[0.3077,0.0861,-0.9476,0,-0.943,0.1604,-0.2917,0,0.1269,0.9833,0.1306,0,0,0.6557,0,1]},
{"frame":9,"values":[0.2923,0.098,-0.9513,0,-0.9467,0.1702,-0.2734,0,0.1351,0.9805,0.1426,0,0,0.6557,0,1]},
{"frame":10,"values":[0.2761,0.1107,-0.9547,0,-0.9503,0.1802,-0.2539,0,0.1439,0.9774,0.155,0,0,0.6557,0,1]},
{"frame":11,"values":[0.2593,0.1241,-0.9578,0,-0.9536,0.1903,-0.2335,0,0.1533,0.9739,0.1676,0,0,0.6557,0,1]},
{"frame":12,"values":[0.2422,0.1378,-0.9604,0,-0.9564,0.2002,-0.2125,0,0.163,0.97,0.1803,0,0,0.6557,0,1]},
{"frame":13,"values":[0.2251,0.1518,-0.9624,0,-0.9589,0.2099,-0.1912,0,0.173,0.9659,0.1928,0,0,0.6557,0,1]},
{"frame":14,"values":[0.2082,0.1658,-0.9639,0,-0.9608,0.2192,-0.1698,0,0.1831,0.9615,0.2049,0,0,0.6557,0,1]},
{"frame":15,"values":[0.1916,0.1797,-0.9649,0,-0.9623,0.228,-0.1486,0,0.1932,0.9569,0.2166,0,0,0.6557,0,1]},
{"frame":16,"values":[0.1757,0.1932,-0.9653,0,-0.9632,0.2361,-0.128,0,0.2032,0.9523,0.2276,0,0,0.6557,0,1]},
{"frame":17,"values":[0.1606,0.2062,-0.9652,0,-0.9638,0.2436,-0.1083,0,0.2128,0.9477,0.2379,0,0,0.6557,0,1]},
{"frame":18,"values":[0.1466,0.2184,-0.9648,0,-0.964,0.2504,-0.0898,0,0.2219,0.9432,0.2473,0,0,0.6557,0,1]},
{"frame":19,"values":[0.1339,0.2296,-0.964,0,-0.9638,0.2563,-0.0728,0,0.2304,0.9389,0.2556,0,0,0.6557,0,1]},
{"frame":20,"values":[0.1226,0.2397,-0.9631,0,-0.9635,0.2614,-0.0575,0,0.238,0.935,0.263,0,0,0.6557,0,1]},
{"frame":21,"values":[0.1129,0.2483,-0.9621,0,-0.963,0.2657,-0.0444,0,0.2446,0.9315,0.2692,0,0,0.6557,0,1]},
{"frame":22,"values":[0.1051,0.2554,-0.9611,0,-0.9625,0.2691,-0.0337,0,0.25,0.9286,0.2741,0,0,0.6557,0,1]},
{"frame":23,"values":[0.0993,0.2607,-0.9603,0,-0.9621,0.2716,-0.0257,0,0.2541,0.9264,0.2778,0,0,0.6557,0,1]},
{"frame":24,"values":[0.0956,0.264,-0.9598,0,-0.9618,0.2731,-0.0207,0,0.2566,0.9251,0.28,0,0,0.6557,0,1]},
{"frame":25,"values":[0.0944,0.2652,-0.9596,0,-0.9617,0.2736,-0.019,0,0.2575,0.9246,0.2808,0,0,0.6557,0,1]}],"loopBehavior":1,"name":"anim","property":"_matrix"}},
{"name":"Bone.16","index":10,"matrix":[0.7062,-0.518,0.4826,0,0.0297,0.7027,0.7108,0,-0.7074,-0.4877,0.5117,0,0,2.1429,0,1],"rest":[0.7074,-0.5163,0.4828,0,0.0248,0.7007,0.713,0,-0.7064,-0.4924,0.5085,0,0,2.1429,0,1],"parentBoneIndex":9,"length":0.6365
,"animation":{"dataType":3,"framePerSecond":24,"keys":[
{"frame":0,"values":[0.7074,-0.5163,0.4828,0,0.0248,0.7007,0.713,0,-0.7064,-0.4924,0.5085,0,0,2.1429,0,1]},
{"frame":1,"values":[0.7062,-0.518,0.4826,0,0.0297,0.7027,0.7108,0,-0.7074,-0.4877,0.5117,0,0,2.1429,0,1]},
{"frame":2,"values":[0.7027,-0.5231,0.4823,0,0.0438,0.7084,0.7045,0,-0.7102,-0.4739,0.5207,0,0,2.1429,0,1]},
{"frame":3,"values":[0.6968,-0.5312,0.4819,0,0.0666,0.7169,0.694,0,-0.7141,-0.4515,0.535,0,0,2.1429,0,1]},
{"frame":4,"values":[0.6887,-0.5419,0.4817,0,0.0975,0.7275,0.6792,0,-0.7185,-0.4208,0.5538,0,0,2.1429,0,1]},
{"frame":5,"values":[0.6782,-0.555,0.4818,0,0.1359,0.739,0.6599,0,-0.7222,-0.382,0.5766,0,0,2.1429,0,1]},
{"frame":6,"values":[0.6651,-0.5698,0.4826,0,0.1813,0.7502,0.6359,0,-0.7244,-0.3355,0.6023,0,0,2.1429,0,1]},
{"frame":7,"values":[0.6496,-0.586,0.4844,0,0.2327,0.7598,0.6071,0,-0.7238,-0.2817,0.6299,0,0,2.1429,0,1]},
{"frame":8,"values":[0.6316,-0.6029,0.4874,0,0.2892,0.7665,0.5734,0,-0.7193,-0.2212,0.6585,0,0,2.1429,0,1]},
{"frame":9,"values":[0.6113,-0.62,0.4918,0,0.3496,0.7691,0.535,0,-0.71,-0.1551,0.6869,0,0,2.1429,0,1]},
{"frame":10,"values":[0.5889,-0.6367,0.4979,0,0.4125,0.7665,0.4923,0,-0.6951,-0.0846,0.714,0,0,2.1429,0,1]},
{"frame":11,"values":[0.5646,-0.6523,0.5056,0,0.4762,0.7579,0.446,0,-0.6741,-0.011,0.7386,0,0,2.1429,0,1]},
{"frame":12,"values":[0.5392,-0.6663,0.5151,0,0.5391,0.7429,0.3968,0,-0.647,0.0638,0.7598,0,0,2.1429,0,1]},
{"frame":13,"values":[0.513,-0.6783,0.526,0,0.5997,0.7217,0.3458,0,-0.6142,0.1381,0.777,0,0,2.1429,0,1]},
{"frame":14,"values":[0.4867,-0.6881,0.5383,0,0.6564,0.6946,0.2944,0,-0.5764,0.2101,0.7897,0,0,2.1429,0,1]},
{"frame":15,"values":[0.4609,-0.6954,0.5514,0,0.7083,0.6626,0.2436,0,-0.5347,0.2783,0.7979,0,0,2.1429,0,1]},
{"frame":16,"values":[0.4362,-0.7003,0.565,0,0.7543,0.627,0.1947,0,-0.4906,0.3413,0.8018,0,0,2.1429,0,1]},
{"frame":17,"values":[0.4132,-0.7031,0.5787,0,0.7942,0.5892,0.1488,0,-0.4456,0.3982,0.8018,0,0,2.1429,0,1]},
{"frame":18,"values":[0.3922,-0.704,0.5921,0,0.8278,0.5508,0.1066,0,-0.4012,0.4483,0.7988,0,0,2.1429,0,1]},
{"frame":19,"values":[0.3735,-0.7035,0.6046,0,0.8553,0.5135,0.069,0,-0.359,0.4913,0.7935,0,0,2.1429,0,1]},
{"frame":20,"values":[0.3575,-0.702,0.616,0,0.8773,0.4786,0.0364,0,-0.3204,0.5273,0.7869,0,0,2.1429,0,1]},
{"frame":21,"values":[0.3441,-0.7,0.6258,0,0.8941,0.4477,0.0092,0,-0.2866,0.5564,0.7799,0,0,2.1429,0,1]},
{"frame":22,"values":[0.3335,-0.6978,0.6339,0,0.9065,0.422,-0.0124,0,-0.2588,0.5788,0.7733,0,0,2.1429,0,1]},
{"frame":23,"values":[0.3258,-0.6959,0.64,0,0.915,0.4024,-0.0282,0,-0.2379,0.5948,0.7679,0,0,2.1429,0,1]},
{"frame":24,"values":[0.3211,-0.6946,0.6437,0,0.92,0.3901,-0.0379,0,-0.2248,0.6044,0.7643,0,0,2.1429,0,1]},
{"frame":25,"values":[0.3194,-0.6942,0.6451,0,0.9217,0.3858,-0.0412,0,-0.2202,0.6077,0.763,0,0,2.1429,0,1]}],"loopBehavior":1,"name":"anim","property":"_matrix"}},
{"name":"Bone.17","index":11,"matrix":[0.2172,-0.9713,0.0967,0,0.7052,0.2247,0.6725,0,-0.675,-0.0779,0.7337,0,0,0.6365,0,1],"rest":[0.2172,-0.9713,0.0967,0,0.7052,0.2247,0.6725,0,-0.675,-0.0779,0.7337,0,0,0.6365,0,1],"parentBoneIndex":10,"length":0.4504
,"animation":{"dataType":3,"framePerSecond":24,"keys":[
{"frame":0,"values":[0.2172,-0.9713,0.0967,0,0.7052,0.2247,0.6725,0,-0.675,-0.0779,0.7337,0,0,0.6365,0,1]},
{"frame":25,"values":[0.2172,-0.9713,0.0967,0,0.7052,0.2247,0.6725,0,-0.675,-0.0779,0.7337,0,0,0.6365,0,1]}],"loopBehavior":1,"name":"anim","property":"_matrix"}},
{"name":"Bone.03","index":12,"matrix":[0.8264,-0.1651,0.5383,0,0.5383,0.5119,-0.6694,0,-0.1651,0.843,0.5119,0,0,4.6059,0,1],"rest":[0.8264,-0.1651,0.5383,0,0.5383,0.5119,-0.6694,0,-0.1651,0.843,0.5119,0,0,4.6059,0,1],"parentBoneIndex":0,"length":1.3339
,"animation":{"dataType":3,"framePerSecond":24,"keys":[
{"frame":0,"values":[0.8264,-0.1651,0.5383,0,0.5383,0.5119,-0.6694,0,-0.1651,0.843,0.5119,0,0,4.6059,0,1]},
{"frame":25,"values":[0.8264,-0.1651,0.5383,0,0.5383,0.5119,-0.6694,0,-0.1651,0.843,0.5119,0,0,4.6059,0,1]}],"loopBehavior":1,"name":"anim","property":"_matrix"}},
{"name":"Bone.02","index":13,"matrix":[0.5283,-0.8242,-0.204,0,0.7624,0.3547,0.5412,0,-0.3737,-0.4414,0.8158,0,0,1.3339,0,1],"rest":[0.5283,-0.8242,-0.204,0,0.7624,0.3547,0.5412,0,-0.3737,-0.4414,0.8158,0,0,1.3339,0,1],"parentBoneIndex":12,"length":2.2138
,"animation":{"dataType":3,"framePerSecond":24,"keys":[
{"frame":0,"values":[0.5283,-0.8242,-0.204,0,0.7624,0.3547,0.5412,0,-0.3737,-0.4414,0.8158,0,0,1.3339,0,1]},
{"frame":25,"values":[0.5283,-0.8242,-0.204,0,0.7624,0.3547,0.5412,0,-0.3737,-0.4414,0.8158,0,0,1.3339,0,1]}],"loopBehavior":1,"name":"anim","property":"_matrix"}},
{"name":"Bone.05","index":14,"matrix":[0.9108,0.3496,0.2196,0,0.208,0.0708,-0.9756,0,-0.3566,0.9342,-0.0082,0,0,1.3339,0,1],"rest":[0.9117,0.3495,0.2162,0,0.2056,0.0677,-0.9763,0,-0.3558,0.9345,-0.0102,0,0,1.3339,0,1],"parentBoneIndex":12,"length":0.9181
,"animation":{"dataType":3,"framePerSecond":24,"keys":[
{"frame":0,"values":[0.9117,0.3495,0.2162,0,0.2056,0.0677,-0.9763,0,-0.3558,0.9345,-0.0102,0,0,1.3339,0,1]},
{"frame":1,"values":[0.9108,0.3496,0.2196,0,0.208,0.0708,-0.9756,0,-0.3566,0.9342,-0.0082,0,0,1.3339,0,1]},
{"frame":2,"values":[0.9083,0.3499,0.2292,0,0.2149,0.0799,-0.9734,0,-0.3589,0.9334,-0.0026,0,0,1.3339,0,1]},
{"frame":3,"values":[0.9041,0.3503,0.2447,0,0.2258,0.0944,-0.9696,0,-0.3628,0.9319,0.0063,0,0,1.3339,0,1]},
{"frame":4,"values":[0.8982,0.3504,0.2654,0,0.2404,0.1139,-0.964,0,-0.368,0.9296,0.0181,0,0,1.3339,0,1]},
{"frame":5,"values":[0.8905,0.35,0.2908,0,0.258,0.138,-0.9562,0,-0.3748,0.9265,0.0325,0,0,1.3339,0,1]},
{"frame":6,"values":[0.8808,0.3487,0.3202,0,0.2782,0.166,-0.9461,0,-0.383,0.9224,0.0492,0,0,1.3339,0,1]},
{"frame":7,"values":[0.8692,0.3461,0.3531,0,0.3005,0.1974,-0.9331,0,-0.3927,0.9172,0.0675,0,0,1.3339,0,1]},
{"frame":8,"values":[0.8554,0.3421,0.3888,0,0.3243,0.2316,-0.9172,0,-0.4038,0.9107,0.0872,0,0,1.3339,0,1]},
{"frame":9,"values":[0.8397,0.3362,0.4265,0,0.3489,0.268,-0.898,0,-0.4163,0.9028,0.1078,0,0,1.3339,0,1]},
{"frame":10,"values":[0.8218,0.3284,0.4655,0,0.3737,0.3059,-0.8756,0,-0.43,0.8936,0.1287,0,0,1.3339,0,1]},
{"frame":11,"values":[0.8022,0.3185,0.505,0,0.3983,0.3446,-0.8501,0,-0.4448,0.8831,0.1496,0,0,1.3339,0,1]},
{"frame":12,"values":[0.7809,0.3066,0.5442,0,0.4221,0.3833,-0.8215,0,-0.4604,0.8713,0.1699,0,0,1.3339,0,1]},
{"frame":13,"values":[0.7583,0.2927,0.5825,0,0.4446,0.4213,-0.7905,0,-0.4768,0.8584,0.1894,0,0,1.3339,0,1]},
{"frame":14,"values":[0.7348,0.2771,0.6191,0,0.4654,0.458,-0.7574,0,-0.4934,0.8447,0.2076,0,0,1.3339,0,1]},
{"frame":15,"values":[0.7108,0.2602,0.6535,0,0.4842,0.4928,-0.723,0,-0.5102,0.8303,0.2243,0,0,1.3339,0,1]},
{"frame":16,"values":[0.6869,0.2424,0.6852,0,0.5009,0.5252,-0.6879,0,-0.5266,0.8157,0.2393,0,0,1.3339,0,1]},
{"frame":17,"values":[0.6634,0.2241,0.7139,0,0.5153,0.5549,-0.6531,0,-0.5425,0.8012,0.2526,0,0,1.3339,0,1]},
{"frame":18,"values":[0.641,0.206,0.7394,0,0.5275,0.5814,-0.6194,0,-0.5575,0.7871,0.264,0,0,1.3339,0,1]},
{"frame":19,"values":[0.6202,0.1886,0.7614,0,0.5376,0.6047,-0.5876,0,-0.5713,0.7738,0.2736,0,0,1.3339,0,1]},
{"frame":20,"values":[0.6014,0.1725,0.7801,0,0.5457,0.6246,-0.5587,0,-0.5836,0.7617,0.2815,0,0,1.3339,0,1]},
{"frame":21,"values":[0.5851,0.1581,0.7954,0,0.5519,0.641,-0.5334,0,-0.5942,0.7511,0.2877,0,0,1.3339,0,1]},
{"frame":22,"values":[0.5717,0.1462,0.8073,0,0.5565,0.6539,-0.5125,0,-0.6028,0.7423,0.2925,0,0,1.3339,0,1]},
{"frame":23,"values":[0.5617,0.1371,0.8159,0,0.5597,0.6632,-0.4968,0,-0.6092,0.7357,0.2958,0,0,1.3339,0,1]},
{"frame":24,"values":[0.5554,0.1314,0.8211,0,0.5616,0.669,-0.4869,0,-0.6133,0.7316,0.2978,0,0,1.3339,0,1]},
{"frame":25,"values":[0.5533,0.1294,0.8229,0,0.5622,0.6709,-0.4835,0,-0.6147,0.7301,0.2985,0,0,1.3339,0,1]}],"loopBehavior":1,"name":"anim","property":"_matrix"}},
{"name":"Bone.04","index":15,"matrix":[0.786,0.4911,0.3755,0,-0.615,0.5591,0.556,0,0.0631,-0.668,0.7415,0,0,0.9181,0,1],"rest":[0.7876,0.4874,0.3769,0,-0.6132,0.5601,0.557,0,0.0603,-0.6699,0.74,0,0,0.9181,0,1],"parentBoneIndex":14,"length":1.7556
,"animation":{"dataType":3,"framePerSecond":24,"keys":[
{"frame":0,"values":[0.7876,0.4874,0.3769,0,-0.6132,0.5601,0.557,0,0.0603,-0.6699,0.74,0,0,0.9181,0,1]},
{"frame":1,"values":[0.786,0.4911,0.3755,0,-0.615,0.5591,0.556,0,0.0631,-0.668,0.7415,0,0,0.9181,0,1]},
{"frame":2,"values":[0.7812,0.5019,0.3713,0,-0.6203,0.5561,0.5532,0,0.0712,-0.6625,0.7457,0,0,0.9181,0,1]},
{"frame":3,"values":[0.7731,0.5191,0.3644,0,-0.6286,0.5511,0.5487,0,0.084,-0.6534,0.7524,0,0,0.9181,0,1]},
{"frame":4,"values":[0.7619,0.5418,0.355,0,-0.6398,0.5441,0.5428,0,0.101,-0.6407,0.7611,0,0,0.9181,0,1]},
{"frame":5,"values":[0.7472,0.5693,0.3428,0,-0.6533,0.5349,0.5357,0,0.1216,-0.6243,0.7717,0,0,0.9181,0,1]},
{"frame":6,"values":[0.7291,0.6007,0.3281,0,-0.6689,0.5236,0.5276,0,0.1451,-0.6042,0.7835,0,0,0.9181,0,1]},
{"frame":7,"values":[0.7072,0.635,0.3109,0,-0.686,0.51,0.5189,0,0.1709,-0.5802,0.7963,0,0,0.9181,0,1]},
{"frame":8,"values":[0.6817,0.6713,0.2911,0,-0.7043,0.4941,0.5097,0,0.1983,-0.5525,0.8096,0,0,0.9181,0,1]},
{"frame":9,"values":[0.6524,0.7085,0.2691,0,-0.7232,0.4759,0.5004,0,0.2265,-0.5211,0.8229,0,0,0.9181,0,1]},
{"frame":10,"values":[0.6197,0.7457,0.2449,0,-0.7424,0.4556,0.4913,0,0.2548,-0.4862,0.8359,0,0,0.9181,0,1]},
{"frame":11,"values":[0.5837,0.7819,0.2189,0,-0.7612,0.4333,0.4825,0,0.2824,-0.4482,0.8481,0,0,0.9181,0,1]},
{"frame":12,"values":[0.5451,0.8162,0.1914,0,-0.7794,0.4093,0.4743,0,0.3088,-0.4078,0.8593,0,0,0.9181,0,1]},
{"frame":13,"values":[0.5043,0.848,0.163,0,-0.7966,0.384,0.4669,0,0.3333,-0.3654,0.8691,0,0,0.9181,0,1]},
{"frame":14,"values":[0.4622,0.8766,0.1342,0,-0.8123,0.3578,0.4605,0,0.3556,-0.3218,0.8775,0,0,0.9181,0,1]},
{"frame":15,"values":[0.4195,0.9016,0.1054,0,-0.8265,0.3314,0.455,0,0.3753,-0.278,0.8842,0,0,0.9181,0,1]},
{"frame":16,"values":[0.3771,0.9229,0.0773,0,-0.839,0.3051,0.4506,0,0.3923,-0.2348,0.8894,0,0,0.9181,0,1]},
{"frame":17,"values":[0.336,0.9405,0.0503,0,-0.8496,0.2796,0.4472,0,0.4065,-0.193,0.893,0,0,0.9181,0,1]},
{"frame":18,"values":[0.297,0.9546,0.025,0,-0.8585,0.2554,0.4447,0,0.4181,-0.1535,0.8953,0,0,0.9181,0,1]},
{"frame":19,"values":[0.2609,0.9654,0.0019,0,-0.8657,0.233,0.4429,0,0.4272,-0.1172,0.8965,0,0,0.9181,0,1]},
{"frame":20,"values":[0.2285,0.9734,-0.0186,0,-0.8714,0.213,0.4419,0,0.4341,-0.0848,0.8969,0,0,0.9181,0,1]},
{"frame":21,"values":[0.2006,0.979,-0.0361,0,-0.8758,0.1957,0.4413,0,0.4391,-0.0569,0.8966,0,0,0.9181,0,1]},
{"frame":22,"values":[0.1779,0.9828,-0.0503,0,-0.8789,0.1817,0.441,0,0.4426,-0.0343,0.8961,0,0,0.9181,0,1]},
{"frame":23,"values":[0.1609,0.9851,-0.0608,0,-0.881,0.1711,0.441,0,0.4448,-0.0174,0.8954,0,0,0.9181,0,1]},
{"frame":24,"values":[0.1503,0.9863,-0.0674,0,-0.8823,0.1646,0.441,0,0.4461,-0.0068,0.895,0,0,0.9181,0,1]},
{"frame":25,"values":[0.1466,0.9867,-0.0697,0,-0.8827,0.1623,0.4411,0,0.4465,-0.0032,0.8948,0,0,0.9181,0,1]}],"loopBehavior":1,"name":"anim","property":"_matrix"}},
{"name":"Bone.09","index":16,"matrix":[0.8257,0.5603,0.0655,0,-0.5562,0.828,-0.0715,0,-0.0943,0.0226,0.9953,0,0,1.7556,0,1],"rest":[0.8257,0.5603,0.0655,0,-0.5562,0.828,-0.0715,0,-0.0943,0.0226,0.9953,0,0,1.7556,0,1],"parentBoneIndex":15,"length":0.7137
,"animation":{"dataType":3,"framePerSecond":24,"keys":[
{"frame":0,"values":[0.8257,0.5603,0.0655,0,-0.5562,0.828,-0.0715,0,-0.0943,0.0226,0.9953,0,0,1.7556,0,1]},
{"frame":25,"values":[0.8257,0.5603,0.0655,0,-0.5562,0.828,-0.0715,0,-0.0943,0.0226,0.9953,0,0,1.7556,0,1]}],"loopBehavior":1,"name":"anim","property":"_matrix"}},
{"name":"Bone.10","index":17,"matrix":[0.58,-0.8081,-0.1032,0,0.5576,0.4861,-0.6729,0,0.5939,0.3327,0.7325,0,0,0.7137,0,1],"rest":[0.5814,-0.8067,-0.1061,0,0.5549,0.4884,-0.6734,0,0.5951,0.3327,0.7316,0,0,0.7137,0,1],"parentBoneIndex":16,"length":0.3672
,"animation":{"dataType":3,"framePerSecond":24,"keys":[
{"frame":0,"values":[0.5814,-0.8067,-0.1061,0,0.5549,0.4884,-0.6734,0,0.5951,0.3327,0.7316,0,0,0.7137,0,1]},
{"frame":1,"values":[0.58,-0.8081,-0.1032,0,0.5576,0.4861,-0.6729,0,0.5939,0.3327,0.7325,0,0,0.7137,0,1]},
{"frame":2,"values":[0.5759,-0.812,-0.0947,0,0.5654,0.4793,-0.6713,0,0.5905,0.333,0.7351,0,0,0.7137,0,1]},
{"frame":3,"values":[0.5692,-0.8182,-0.0812,0,0.5778,0.4683,-0.6685,0,0.585,0.3335,0.7393,0,0,0.7137,0,1]},
{"frame":4,"values":[0.5598,-0.8262,-0.0632,0,0.5942,0.4534,-0.6643,0,0.5775,0.3343,0.7448,0,0,0.7137,0,1]},
{"frame":5,"values":[0.5477,-0.8357,-0.041,0,0.6141,0.4348,-0.6586,0,0.5682,0.3356,0.7514,0,0,0.7137,0,1]},
{"frame":6,"values":[0.5329,-0.8461,-0.0152,0,0.6369,0.4128,-0.6511,0,0.5572,0.3373,0.7588,0,0,0.7137,0,1]},
{"frame":7,"values":[0.5152,-0.8569,0.0136,0,0.6618,0.3877,-0.6417,0,0.5446,0.3396,0.7668,0,0,0.7137,0,1]},
{"frame":8,"values":[0.4948,-0.8679,0.0449,0,0.6882,0.3597,-0.6301,0,0.5307,0.3427,0.7752,0,0,0.7137,0,1]},
{"frame":9,"values":[0.4716,-0.8784,0.0781,0,0.7154,0.3293,-0.6162,0,0.5155,0.3464,0.7837,0,0,0.7137,0,1]},
{"frame":10,"values":[0.4458,-0.888,0.1125,0,0.7429,0.2969,-0.6,0,0.4994,0.351,0.7921,0,0,0.7137,0,1]},
{"frame":11,"values":[0.4177,-0.8966,0.1475,0,0.7699,0.263,-0.5815,0,0.4825,0.3564,0.8001,0,0,0.7137,0,1]},
{"frame":12,"values":[0.3875,-0.9036,0.1824,0,0.7959,0.2281,-0.5609,0,0.4652,0.3625,0.8076,0,0,0.7137,0,1]},
{"frame":13,"values":[0.3558,-0.9091,0.2167,0,0.8203,0.1927,-0.5384,0,0.4477,0.3694,0.8143,0,0,0.7137,0,1]},
{"frame":14,"values":[0.3231,-0.9128,0.2498,0,0.8429,0.1576,-0.5145,0,0.4303,0.3768,0.8203,0,0,0.7137,0,1]},
{"frame":15,"values":[0.2899,-0.9148,0.2812,0,0.8632,0.1231,-0.4896,0,0.4132,0.3846,0.8254,0,0,0.7137,0,1]},
{"frame":16,"values":[0.2569,-0.9152,0.3104,0,0.8812,0.09,-0.4641,0,0.3969,0.3927,0.8296,0,0,0.7137,0,1]},
{"frame":17,"values":[0.2248,-0.9142,0.3371,0,0.8966,0.0586,-0.4388,0,0.3814,0.4009,0.8329,0,0,0.7137,0,1]},
{"frame":18,"values":[0.1942,-0.9121,0.3611,0,0.9097,0.0296,-0.4143,0,0.3672,0.4089,0.8355,0,0,0.7137,0,1]},
{"frame":19,"values":[0.1657,-0.9091,0.3821,0,0.9203,0.0034,-0.3911,0,0.3543,0.4165,0.8373,0,0,0.7137,0,1]},
{"frame":20,"values":[0.1401,-0.9057,0.4001,0,0.9289,-0.0197,-0.3699,0,0.3429,0.4235,0.8385,0,0,0.7137,0,1]},
{"frame":21,"values":[0.1179,-0.9021,0.415,0,0.9354,-0.0393,-0.3513,0,0.3333,0.4297,0.8392,0,0,0.7137,0,1]},
{"frame":22,"values":[0.0998,-0.8988,0.4268,0,0.9403,-0.0552,-0.336,0,0.3255,0.4348,0.8396,0,0,0.7137,0,1]},
{"frame":23,"values":[0.0861,-0.8962,0.4353,0,0.9436,-0.0669,-0.3244,0,0.3198,0.4387,0.8398,0,0,0.7137,0,1]},
{"frame":24,"values":[0.0776,-0.8944,0.4405,0,0.9455,-0.0741,-0.3171,0,0.3162,0.4411,0.8399,0,0,0.7137,0,1]},
{"frame":25,"values":[0.0746,-0.8938,0.4423,0,0.9462,-0.0766,-0.3145,0,0.315,0.442,0.8399,0,0,0.7137,0,1]}],"loopBehavior":1,"name":"anim","property":"_matrix"}},
{"name":"Bone.07","index":18,"matrix":[0.9469,-0.2557,0.1949,0,0.3061,0.5317,-0.7897,0,0.0983,0.8074,0.5818,0,0,0.9181,0,1],"rest":[0.9473,-0.2571,0.1912,0,0.3036,0.5292,-0.7923,0,0.1025,0.8086,0.5793,0,0,0.9181,0,1],"parentBoneIndex":14,"length":1.6262
,"animation":{"dataType":3,"framePerSecond":24,"keys":[
{"frame":0,"values":[0.9473,-0.2571,0.1912,0,0.3036,0.5292,-0.7923,0,0.1025,0.8086,0.5793,0,0,0.9181,0,1]},
{"frame":1,"values":[0.9469,-0.2557,0.1949,0,0.3061,0.5317,-0.7897,0,0.0983,0.8074,0.5818,0,0,0.9181,0,1]},
{"frame":2,"values":[0.9458,-0.2516,0.2054,0,0.3132,0.5391,-0.7818,0,0.0859,0.8038,0.5887,0,0,0.9181,0,1]},
{"frame":3,"values":[0.9436,-0.2452,0.2225,0,0.3244,0.5509,-0.7689,0,0.0659,0.7977,0.5994,0,0,0.9181,0,1]},
{"frame":4,"values":[0.94,-0.2368,0.2455,0,0.3389,0.5668,-0.7509,0,0.0387,0.7891,0.6131,0,0,0.9181,0,1]},
{"frame":5,"values":[0.9345,-0.2271,0.274,0,0.3558,0.5864,-0.7277,0,0.0046,0.7775,0.6288,0,0,0.9181,0,1]},
{"frame":6,"values":[0.9266,-0.2164,0.3075,0,0.3743,0.6091,-0.6992,0,-0.036,0.763,0.6454,0,0,0.9181,0,1]},
{"frame":7,"values":[0.9157,-0.2054,0.3454,0,0.3933,0.6346,-0.6653,0,-0.0825,0.7451,0.6619,0,0,0.9181,0,1]},
{"frame":8,"values":[0.9013,-0.1947,0.3869,0,0.4118,0.6621,-0.6261,0,-0.1343,0.7237,0.6769,0,0,0.9181,0,1]},
{"frame":9,"values":[0.8831,-0.1848,0.4312,0,0.4288,0.691,-0.582,0,-0.1904,0.6988,0.6895,0,0,0.9181,0,1]},
{"frame":10,"values":[0.8609,-0.1764,0.4772,0,0.4432,0.7205,-0.5333,0,-0.2498,0.6706,0.6985,0,0,0.9181,0,1]},
{"frame":11,"values":[0.8347,-0.1697,0.5239,0,0.4543,0.75,-0.4808,0,-0.3113,0.6393,0.7031,0,0,0.9181,0,1]},
{"frame":12,"values":[0.8048,-0.1654,0.5701,0,0.4614,0.7785,-0.4255,0,-0.3735,0.6055,0.7028,0,0,0.9181,0,1]},
{"frame":13,"values":[0.7716,-0.1634,0.6148,0,0.4642,0.8055,-0.3684,0,-0.435,0.5697,0.6973,0,0,0.9181,0,1]},
{"frame":14,"values":[0.7359,-0.164,0.6569,0,0.4626,0.8303,-0.3109,0,-0.4945,0.5327,0.6868,0,0,0.9181,0,1]},
{"frame":15,"values":[0.6986,-0.1669,0.6958,0,0.4568,0.8525,-0.2542,0,-0.5507,0.4954,0.6718,0,0,0.9181,0,1]},
{"frame":16,"values":[0.6607,-0.1719,0.7307,0,0.4475,0.8718,-0.1995,0,-0.6027,0.4588,0.6529,0,0,0.9181,0,1]},
{"frame":17,"values":[0.6232,-0.1785,0.7614,0,0.4352,0.8881,-0.148,0,-0.6498,0.4236,0.6312,0,0,0.9181,0,1]},
{"frame":18,"values":[0.5872,-0.1863,0.7877,0,0.4209,0.9015,-0.1006,0,-0.6914,0.3906,0.6078,0,0,0.9181,0,1]},
{"frame":19,"values":[0.5537,-0.1947,0.8096,0,0.4056,0.9122,-0.058,0,-0.7272,0.3605,0.5841,0,0,0.9181,0,1]},
{"frame":20,"values":[0.5235,-0.2031,0.8274,0,0.3903,0.9204,-0.021,0,-0.7573,0.334,0.5611,0,0,0.9181,0,1]},
{"frame":21,"values":[0.4974,-0.211,0.8414,0,0.376,0.9265,0.0101,0,-0.7818,0.3114,0.5402,0,0,0.9181,0,1]},
{"frame":22,"values":[0.4761,-0.2179,0.852,0,0.3636,0.9309,0.0349,0,-0.8007,0.2932,0.5225,0,0,0.9181,0,1]},
{"frame":23,"values":[0.4602,-0.2233,0.8593,0,0.354,0.9337,0.053,0,-0.8142,0.2798,0.5088,0,0,0.9181,0,1]},
{"frame":24,"values":[0.4503,-0.2267,0.8636,0,0.3478,0.9354,0.0642,0,-0.8224,0.2714,0.5,0,0,0.9181,0,1]},
{"frame":25,"values":[0.4468,-0.2279,0.8651,0,0.3456,0.9359,0.0681,0,-0.8252,0.2685,0.497,0,0,0.9181,0,1]}],"loopBehavior":1,"name":"anim","property":"_matrix"}},
