{"producer":{"name":"Blender","version":"2.90.1","exporter_version":"6.4.4","file":"test_armature.babylon"},
"autoClear":true,"clearColor":[0.0509,0.0509,0.0509],"gravity":[0,-9.81,0],
"materials":[],
"multiMaterials":[],
"skeletons":[{"name":"Armature","id":0,"dimensionsAtRest":[0,2.4033,0.0267],"bones":[
{"name":"Bone","index":0,"matrix":[1.1786,0,0,0,0,1.1786,0,0,0,0,-1.1786,0,0,0,0,1],"rest":[1.1786,0,0,0,0,1.1786,0,0,0,0,-1.1786,0,0,0,0,1],"parentBoneIndex":-1,"length":1
,"animation":{"dataType":3,"framePerSecond":24,"keys":[
{"frame":0,"values":[1.1786,0,0,0,0,1.1786,0,0,0,0,-1.1786,0,0,0,0,1]},
{"frame":20,"values":[1.1786,0,0,0,0,1.1786,0,0,0,0,-1.1786,0,0,0,0,1]}],"loopBehavior":1,"name":"anim","property":"_matrix"}},
{"name":"Bone.001","index":1,"matrix":[1,0,0,0,0,0.9993,0.0369,0,0,-0.0369,0.9993,0,0,1,0,1],"rest":[1,0,0,0,0,0.9998,-0.019,0,0,0.019,0.9998,0,0,1,0,1],"parentBoneIndex":0,"length":1.4036
,"animation":{"dataType":3,"framePerSecond":24,"keys":[
{"frame":0,"values":[1,0,0,0,0,1,0.0073,0,0,-0.0073,1,0,0,1,0,1]},
{"frame":1,"values":[1,0,0,0,0,0.9999,0.015,0,0,-0.015,0.9999,0,0,1,0,1]},
{"frame":2,"values":[1,0,0,0,0,0.9993,0.0369,0,0,-0.0369,0.9993,0,0,1,0,1]},
{"frame":3,"values":[1,0,0,0,0,0.9974,0.0717,0,0,-0.0717,0.9974,0,0,1,0,1]},
{"frame":4,"values":[1,0,0,0,0,0.993,0.118,0,0,-0.118,0.993,0,0,1,0,1]},
{"frame":5,"values":[1,0,0,0,0,0.9847,0.1743,0,0,-0.1743,0.9847,0,0,1,0,1]},
{"frame":6,"values":[1,0,0,0,0,0.9711,0.2386,0,0,-0.2386,0.9711,0,0,1,0,1]},
{"frame":7,"values":[1,0,0,0,0,0.951,0.309,0,0,-0.309,0.951,0,0,1,0,1]},
{"frame":8,"values":[1,0,0,0,0,0.9237,0.3831,0,0,-0.3831,0.9237,0,0,1,0,1]},
{"frame":9,"values":[1,0,0,0,0,0.8888,0.4583,0,0,-0.4583,0.8888,0,0,1,0,1]},
{"frame":10,"values":[1,0,0,0,0,0.8467,0.532,0,0,-0.532,0.8467,0,0,1,0,1]},
{"frame":11,"values":[1,0,0,0,0,0.7986,0.6019,0,0,-0.6019,0.7986,0,0,1,0,1]},
{"frame":12,"values":[1,0,0,0,0,0.746,0.6659,0,0,-0.6659,0.746,0,0,1,0,1]},
{"frame":13,"values":[1,0,0,0,0,0.6911,0.7227,0,0,-0.7227,0.6911,0,0,1,0,1]},
{"frame":14,"values":[1,0,0,0,0,0.6364,0.7713,0,0,-0.7713,0.6364,0,0,1,0,1]},
{"frame":15,"values":[1,0,0,0,0,0.5843,0.8115,0,0,-0.8115,0.5843,0,0,1,0,1]},
{"frame":16,"values":[1,0,0,0,0,0.5373,0.8434,0,0,-0.8434,0.5373,0,0,1,0,1]},
{"frame":17,"values":[1,0,0,0,0,0.4974,0.8675,0,0,-0.8675,0.4974,0,0,1,0,1]},
{"frame":18,"values":[1,0,0,0,0,0.4669,0.8843,0,0,-0.8843,0.4669,0,0,1,0,1]},
{"frame":19,"values":[1,0,0,0,0,0.4474,0.8943,0,0,-0.8943,0.4474,0,0,1,0,1]},
{"frame":20,"values":[1,0,0,0,0,0.4405,0.8977,0,0,-0.8977,0.4405,0,0,1,0,1]}],"loopBehavior":1,"name":"anim","property":"_matrix"}}]
,"ranges":[{"name":"ArmatureAction","from":0,"to":20}]}],
"meshes":[{"name":"Cube","id":"Cube","billboardMode":0,"position":[0,0,0],"rotation":[0,0,0],"scaling":[0.8485,0.8485,0.8485],"isVisible":true,"freezeWorldMatrix":false,"isEnabled":true,"checkCollisions":false,"receiveShadows":false,"pickable":true,"tags":""
,"positions":[-1,1,-1,-1,-1,1,-1,-1,-1,-1,1,1,1,-1,1,-1,-1,1,1,1,1,1,-1,-1,1,-1,1,1,1,-1,-1,-1,-1,1,-1,-1,1,-1,1,-1,-1,-1,-1,-1,1,-1,1,1,1,1,-1
,1,1,1,-1,1.3991,-1.0081,-1,3.466,0.9228,-1,1.4671,0.9908,-1,3.466,0.9228,1,1.4671,0.9908,-1,1.4671,0.9908,1,3.466,0.9228,1,1.3991,-1.0081,1,1.4671,0.9908,1,3.398,-1.0761,-1,1.3991,-1.0081,1,1.3991,-1.0081,1,1.4671,0.9908,-1,1.3991,-1.0081,-1,1.4671,0.9908,-1,3.466,0.9228
,1,3.398,-1.0761,1,3.466,0.9228,-1,1,1,1,1,1,1,1,-1,-1,1,-1,-1,-1,-1,1,-1,1,1,-1,-1,-1,-1,-1,-1,1,1,-1,1,-1,1,1,-1,-1,3.398,-1.0761,-1,3.466,0.9228,1,3.466,0.9228,1,3.398,-1.0761
,-1,3.398,-1.0761,-1,1.3991,-1.0081,1,1.4671,0.9908,1,1.3991,-1.0081,-1,1.3991,-1.0081,-1,3.466,0.9228,-1,3.398,-1.0761,1,3.398,-1.0761]
,"normals":[-1,0,0,-1,0,0,-1,0,0,0,0,1,0,0,1,0,0,1,1,0,0,1,0,0,1,0,0,0,0,-1,0,0,-1,0,0,-1,0,-1,0,0,-1,0,0,-1,0,0,1,0,0,1,0
,0,1,0,-1,0,0,-1,0,0,-1,0,0,0,0.034,0.999,0,0.034,0.999,0,0.034,0.999,1,0,0,1,0,0,1,0,0,0,-0.034,-0.999,0,-0.034,-0.999,0,-0.034,-0.999,0,-0.999,0.034,0,-0.999,0.034,0,-0.999,0.034,0,0.999,-0.034
,0,0.999,-0.034,0,0.999,-0.034,-1,0,0,0,0,1,1,0,0,0,0,-1,0,0,-1,0,-1,0,0,-1,0,0,-1,0,0,1,0,0,1,0,0,1,0,-1,0,0,0,0.034,0.999,0,0.034,0.999,1,0,0
,0,-0.034,-0.999,0,-0.034,-0.999,0,-0.999,0.034,0,-0.999,0.034,0,-0.999,0.034,0,0.999,-0.034,0,0.999,-0.034,0,0.999,-0.034]
,"uvs":[0.625,0,0.375,0.25,0.375,0,0.625,0.25,0.375,0.5,0.375,0.25,0.625,0.5,0.375,0.75,0.375,0.5,0.625,0.75,0.375,1,0.375,0.75,0.375,0.5,0.125,0.75,0.125,0.5,0.875,0.5,0.625,0.75,0.625,0.5,0.375,0,0.625,0.25,0.375,0.25,0.625,0.25,0.375,0.5,0.375,0.25,0.625,0.5
,0.375,0.75,0.375,0.5,0.625,0.75,0.375,1,0.375,0.75,0.375,0.5,0.125,0.75,0.125,0.5,0.875,0.5,0.625,0.75,0.625,0.5,0.625,0.25,0.625,0.5,0.625,0.75,0.625,1,0.375,1,0.375,0.5,0.375,0.75,0.125,0.75,0.875,0.5,0.875,0.75,0.625,0.75,0.625,0,0.625,0.25,0.625,0.5
,0.625,0.75,0.625,1,0.375,1,0.375,0.5,0.375,0.75,0.125,0.75,0.875,0.5,0.875,0.75,0.625,0.75]
,"indices":[0,1,2,3,4,5,6,7,8,9,10,11,12,13,14,15,16,17,18,19,20,21,22,23,24,25,26,27,28,29,30,31,32,33,34,35,0,36,1,3,37,4,6,38,7,9,39,40,41,42,43
,44,45,46,18,47,19,48,49,22,24,50,25,27,51,52,53,54,55,56,57,58]
,"subMeshes":[{"materialIndex":0,"verticesStart":0,"verticesCount":59,"indexStart":0,"indexCount":72}]
,"instances":[]}
],
"morphTargetManagers":[],
"cameras":[{"name":"Camera","id":"Camera","position":[7.3589,4.9583,-6.9258],"rotation":[0.4615,-0.8149,0],"fov":0.6911,"minZ":0.1,"maxZ":100,"speed":1,"inertia":0.9,"checkCollisions":false,"applyGravity":false,"ellipsoid":[0.2,0.9,0.2],"cameraRigMode":0,"interaxial_distance":0.0637,"type":"UniversalCamera"}],"activeCameraID":"Camera",
"lights":[{"name":"Light","id":"Light","type":0,"position":[4.0762,5.9039,1.0055],"range":40,"intensityMode":0,"intensity":1,"diffuse":[1,1,1],"specular":[1,1,1],"radius":0.1}],
"shadowGenerators":[]
}