{"producer":{"name":"Blender","version":"2.90.0","exporter_version":"6.4.4","file":"woman_of_cartoon.babylon"},
"autoClear":true,"clearColor":[0.0509,0.0509,0.0509],"gravity":[0,-9.81,0],
"materials":[{"name":"eye","id":"eye","customType":"BABYLON.PBRMaterial","backFaceCulling":true,"checkReadyOnlyOnce":false,"maxSimultaneousLights":4,"environmentIntensity":1,"reflectivity":[0,0,0],"roughness":0.3333,"alpha":1,"transparencyMode":0,"alphaCutOff":0.4,"metallic":0, 
"albedoTexture":{"name":"Toot_Braustein.jpg","level":1,"hasAlpha":false,"coordinatesMode":0,"uOffset":0,"vOffset":0,"uScale":1,"vScale":1,"uAng":0,"vAng":0,"wAng":0,"wrapU":1,"wrapV":1,"coordinatesIndex":0},"useAlphaFromAlbedoTexture":false},
{"name":"lashes","id":"lashes","customType":"BABYLON.PBRMaterial","backFaceCulling":true,"checkReadyOnlyOnce":false,"maxSimultaneousLights":4,"environmentIntensity":1,"reflectivity":[0,0,0],"roughness":0.3333,"alpha":1,"transparencyMode":0,"alphaCutOff":0.4,"metallic":0, 
"albedoTexture":{"name":"Toot_Braustein.jpg","level":1,"hasAlpha":false,"coordinatesMode":0,"uOffset":0,"vOffset":0,"uScale":1,"vScale":1,"uAng":0,"vAng":0,"wAng":0,"wrapU":1,"wrapV":1,"coordinatesIndex":0},"useAlphaFromAlbedoTexture":false},
{"name":"body","id":"body","customType":"BABYLON.PBRMaterial","backFaceCulling":true,"checkReadyOnlyOnce":false,"maxSimultaneousLights":4,"environmentIntensity":1,"reflectivity":[0,0,0],"roughness":0.3333,"alpha":1,"transparencyMode":0,"alphaCutOff":0.4,"metallic":0, 
"albedoTexture":{"name":"Toot_Braustein.jpg","level":1,"hasAlpha":false,"coordinatesMode":0,"uOffset":0,"vOffset":0,"uScale":1,"vScale":1,"uAng":0,"vAng":0,"wAng":0,"wrapU":1,"wrapV":1,"coordinatesIndex":0},"useAlphaFromAlbedoTexture":false},
{"name":"in_mouth","id":"in_mouth","customType":"BABYLON.PBRMaterial","backFaceCulling":true,"checkReadyOnlyOnce":false,"maxSimultaneousLights":4,"environmentIntensity":1,"reflectivity":[0,0,0],"roughness":0.3333,"alpha":1,"transparencyMode":0,"alphaCutOff":0.4,"metallic":0, 
"albedoTexture":{"name":"Toot_Braustein.jpg","level":1,"hasAlpha":false,"coordinatesMode":0,"uOffset":0,"vOffset":0,"uScale":1,"vScale":1,"uAng":0,"vAng":0,"wAng":0,"wrapU":1,"wrapV":1,"coordinatesIndex":0},"useAlphaFromAlbedoTexture":false},
{"name":"dress","id":"dress","customType":"BABYLON.PBRMaterial","backFaceCulling":true,"checkReadyOnlyOnce":false,"maxSimultaneousLights":4,"environmentIntensity":1,"reflectivity":[0,0,0],"roughness":0.3333,"alpha":1,"transparencyMode":0,"alphaCutOff":0.4,"metallic":0, 
"albedoTexture":{"name":"Toot_Braustein.jpg","level":1,"hasAlpha":false,"coordinatesMode":0,"uOffset":0,"vOffset":0,"uScale":1,"vScale":1,"uAng":0,"vAng":0,"wAng":0,"wrapU":1,"wrapV":1,"coordinatesIndex":0},"useAlphaFromAlbedoTexture":false},
{"name":"under_d","id":"under_d","customType":"BABYLON.PBRMaterial","backFaceCulling":true,"checkReadyOnlyOnce":false,"maxSimultaneousLights":4,"environmentIntensity":1,"reflectivity":[0,0,0],"roughness":0.3333,"alpha":1,"transparencyMode":0,"alphaCutOff":0.4,"metallic":0, 
"albedoTexture":{"name":"Toot_Braustein.jpg","level":1,"hasAlpha":false,"coordinatesMode":0,"uOffset":0,"vOffset":0,"uScale":1,"vScale":1,"uAng":0,"vAng":0,"wAng":0,"wrapU":1,"wrapV":1,"coordinatesIndex":0},"useAlphaFromAlbedoTexture":false},
{"name":"hair","id":"hair","customType":"BABYLON.PBRMaterial","backFaceCulling":true,"checkReadyOnlyOnce":false,"maxSimultaneousLights":4,"environmentIntensity":1,"reflectivity":[0,0,0],"roughness":0.3333,"alpha":1,"transparencyMode":0,"alphaCutOff":0.4,"metallic":0, 
"albedoTexture":{"name":"Toot_Braustein.jpg","level":1,"hasAlpha":false,"coordinatesMode":0,"uOffset":0,"vOffset":0,"uScale":1,"vScale":1,"uAng":0,"vAng":0,"wAng":0,"wrapU":1,"wrapV":1,"coordinatesIndex":0},"useAlphaFromAlbedoTexture":false}],
"multiMaterials":[{"name":"woman_of_cartoon.Multimaterial#0","id":"woman_of_cartoon.Multimaterial#0","materials":["eye","lashes","body","in_mouth","dress","under_d","hair"]}],
"skeletons":[{"name":"Armature","id":0,"dimensionsAtRest":[1.2947,3.8446,0],"bones":[
{"name":"Bone","index":0,"matrix":[1,0,0,0,0,1,0,0,0,0,-1,0,0,2.2775,0,1],"rest":[1,0,0,0,0,0,-1,0,0,-1,0,0,0,0,0,1],"parentBoneIndex":-1,"length":1
,"animation":{"dataType":3,"framePerSecond":24,"keys":[
{"frame":1,"values":[1,0,0,0,0,0,-1,0,0,-1,0,0,0,0,0,1]},
{"frame":250,"values":[1,0,0,0,0,0,-1,0,0,-1,0,0,0,0,0,1]},
{"frame":261,"values":[1,0,0,0,0,0,-1,0,0,-1,0,0,0,0,0,1]},
{"frame":279,"values":[1,0,0,0,0,0,-1,0,0,-1,0,0,0,0,0,1]}],"loopBehavior":1,"name":"anim","property":"_matrix"}},
{"name":"Bone.001","index":1,"matrix":[-0.2874,0.9578,0,0,-0.9578,-0.2874,0,0,0,0,1,0,0,1,0,1],"rest":[-0.2874,0.9578,0,0,-0.9578,-0.2874,0,0,0,0,1,0,0,1,0,1],"parentBoneIndex":0,"length":0.3946
,"animation":{"dataType":3,"framePerSecond":24,"keys":[
{"frame":1,"values":[-0.2874,0.9578,0,0,-0.9578,-0.2874,0,0,0,0,1,0,0,1,0,1]},
{"frame":250,"values":[-0.2874,0.9578,0,0,-0.9578,-0.2874,0,0,0,0,1,0,0,1,0,1]},
{"frame":261,"values":[-0.2874,0.9578,0,0,-0.9578,-0.2874,0,0,0,0,1,0,0,1,0,1]},
{"frame":279,"values":[-0.2874,0.9578,0,0,-0.9578,-0.2874,0,0,0,0,1,0,0,1,0,1]}],"loopBehavior":1,"name":"anim","property":"_matrix"}},
{"name":"Bone.002","index":2,"matrix":[0.7716,-0.6302,-0.0869,0,0.3233,0.506,-0.7996,0,0.5479,0.5889,0.5942,0,0,0.3946,0,1],"rest":[0.4379,0.899,0,0,-0.899,0.4379,0,0,0,0,1,0,0,0.3946,0,1],"parentBoneIndex":1,"length":0.4692
,"animation":{"dataType":3,"framePerSecond":24,"keys":[
{"frame":1,"values":[0.7716,-0.6302,-0.0869,0,0.3233,0.506,-0.7996,0,0.5479,0.5889,0.5942,0,0,0.3946,0,1]},
{"frame":250,"values":[0.7716,-0.6302,-0.0869,0,0.3233,0.506,-0.7996,0,0.5479,0.5889,0.5942,0,0,0.3946,0,1]},
{"frame":261,"values":[0.7716,-0.6302,-0.0869,0,0.3233,0.506,-0.7996,0,0.5479,0.5889,0.5942,0,0,0.3946,0,1]},
{"frame":279,"values":[0.7716,-0.6302,-0.0869,0,0.3233,0.506,-0.7996,0,0.5479,0.5889,0.5942,0,0,0.3946,0,1]}],"loopBehavior":1,"name":"anim","property":"_matrix"}},
{"name":"Bone.003","index":3,"matrix":[0.9818,-0.19,0,0,0.19,0.9818,0,0,0,0,1,0,0,0.4692,0,1],"rest":[0.9818,-0.19,0,0,0.19,0.9818,0,0,0,0,1,0,0,0.4692,0,1],"parentBoneIndex":2,"length":0.5741
,"animation":{"dataType":3,"framePerSecond":24,"keys":[
{"frame":1,"values":[0.9818,-0.19,0,0,0.19,0.9818,0,0,0,0,1,0,0,0.4692,0,1]},
{"frame":250,"values":[0.9818,-0.19,0,0,0.19,0.9818,0,0,0,0,1,0,0,0.4692,0,1]},
{"frame":261,"values":[0.9818,-0.19,0,0,0.19,0.9818,0,0,0,0,1,0,0,0.4692,0,1]},
{"frame":279,"values":[0.9818,-0.19,0,0,0.19,0.9818,0,0,0,0,1,0,0,0.4692,0,1]}],"loopBehavior":1,"name":"anim","property":"_matrix"}},
{"name":"Bone.004","index":4,"matrix":[0.9997,-0.025,0,0,0.025,0.9997,0,0,0,0,1,0,0,1,0,1],"rest":[0.9997,-0.025,0,0,0.025,0.9997,0,0,0,0,1,0,0,1,0,1],"parentBoneIndex":0,"length":0.7563
,"animation":{"dataType":3,"framePerSecond":24,"keys":[
{"frame":1,"values":[0.9997,-0.025,0,0,0.025,0.9997,0,0,0,0,1,0,0,1,0,1]},
{"frame":250,"values":[0.9997,-0.025,0,0,0.025,0.9997,0,0,0,0,1,0,0,1,0,1]},
{"frame":261,"values":[0.9997,-0.025,0,0,0.025,0.9997,0,0,0,0,1,0,0,1,0,1]},
{"frame":279,"values":[0.9997,-0.025,0,0,0.025,0.9997,0,0,0,0,1,0,0,1,0,1]}],"loopBehavior":1,"name":"anim","property":"_matrix"}},
{"name":"Bone.005","index":5,"matrix":[-0.7502,-0.6612,0,0,0.6612,-0.7502,0,0,0,0,1,0,0,1,0,1],"rest":[-0.7502,-0.6612,0,0,0.6612,-0.7502,0,0,0,0,1,0,0,1,0,1],"parentBoneIndex":0,"length":0.7432
,"animation":{"dataType":3,"framePerSecond":24,"keys":[
{"frame":1,"values":[-0.7502,-0.6612,0,0,0.6612,-0.7502,0,0,0,0,1,0,0,1,0,1]},
{"frame":250,"values":[-0.7502,-0.6612,0,0,0.6612,-0.7502,0,0,0,0,1,0,0,1,0,1]},
{"frame":261,"values":[-0.7502,-0.6612,0,0,0.6612,-0.7502,0,0,0,0,1,0,0,1,0,1]},
{"frame":279,"values":[-0.7502,-0.6612,0,0,0.6612,-0.7502,0,0,0,0,1,0,0,1,0,1]}],"loopBehavior":1,"name":"anim","property":"_matrix"}},
{"name":"Bone.006","index":6,"matrix":[0.5032,0.6499,0.5695,0,-0.6024,0.7364,-0.3081,0,-0.6196,-0.188,0.7621,0,0,0.7432,0,1],"rest":[0.9208,-0.39,0,0,0.39,0.9208,0,0,0,0,1,0,0,0.7432,0,1],"parentBoneIndex":5,"length":0.4782
,"animation":{"dataType":3,"framePerSecond":24,"keys":[
{"frame":1,"values":[0.5032,0.6499,0.5695,0,-0.6024,0.7364,-0.3081,0,-0.6196,-0.188,0.7621,0,0,0.7432,0,1]},
{"frame":250,"values":[0.5032,0.6499,0.5695,0,-0.6024,0.7364,-0.3081,0,-0.6196,-0.188,0.7621,0,0,0.7432,0,1]},
{"frame":261,"values":[0.5032,0.6499,0.5695,0,-0.6024,0.7364,-0.3081,0,-0.6196,-0.188,0.7621,0,0,0.7432,0,1]},
{"frame":279,"values":[0.5032,0.6499,0.5695,0,-0.6024,0.7364,-0.3081,0,-0.6196,-0.188,0.7621,0,0,0.7432,0,1]}],"loopBehavior":1,"name":"anim","property":"_matrix"}},
{"name":"Bone.007","index":7,"matrix":[0.2151,0.0547,0.9751,0,-0.9545,-0.1992,0.2218,0,-0.2064,0.9784,-0.0094,0,0,2.2775,0,1],"rest":[0,1,0,0,-0.8516,0,0.5241,0,-0.5241,0,-0.8516,0,0,0,0,1],"parentBoneIndex":-1,"length":0.4327
,"animation":{"dataType":3,"framePerSecond":24,"keys":[
{"frame":1,"values":[0.2151,0.9751,-0.0547,0,-0.9545,0.2218,0.1992,0,-0.2064,-0.0094,-0.9784,0,0,0,0,1]},
{"frame":250,"values":[0.2151,0.9751,-0.0547,0,-0.9545,0.2218,0.1992,0,-0.2064,-0.0094,-0.9784,0,0,0,0,1]},
{"frame":261,"values":[0.2151,0.9751,-0.0547,0,-0.9545,0.2218,0.1992,0,-0.2064,-0.0094,-0.9784,0,0,0,0,1]},
{"frame":279,"values":[0.2151,0.9751,-0.0547,0,-0.9545,0.2218,0.1992,0,-0.2064,-0.0094,-0.9784,0,0,0,0,1]}],"loopBehavior":1,"name":"anim","property":"_matrix"}},
{"name":"Bone.008","index":8,"matrix":[0.7714,-0.4823,-0.4151,0,0.4994,0.8632,-0.0749,0,0.3944,-0.1495,0.9067,0,0,0.4327,0,1],"rest":[1,0,0,0,0,0.4368,-0.8996,0,0,0.8996,0.4368,0,0,0.4327,0,1],"parentBoneIndex":7,"length":0.7598
,"animation":{"dataType":3,"framePerSecond":24,"keys":[
{"frame":1,"values":[0.7714,-0.4823,-0.4151,0,0.4994,0.8632,-0.0749,0,0.3944,-0.1495,0.9067,0,0,0.4327,0,1]},
{"frame":250,"values":[0.7714,-0.4823,-0.4151,0,0.4994,0.8632,-0.0749,0,0.3944,-0.1495,0.9067,0,0,0.4327,0,1]},
{"frame":261,"values":[0.7714,-0.4823,-0.4151,0,0.4994,0.8632,-0.0749,0,0.3944,-0.1495,0.9067,0,0,0.4327,0,1]},
{"frame":279,"values":[0.7714,-0.4823,-0.4151,0,0.4994,0.8632,-0.0749,0,0.3944,-0.1495,0.9067,0,0,0.4327,0,1]}],"loopBehavior":1,"name":"anim","property":"_matrix"}},
{"name":"Bone.009","index":9,"matrix":[1,0,0,0,0,0.9995,0.0308,0,0,-0.0308,0.9995,0,0,0.7598,0,1],"rest":[1,0,0,0,0,0.9995,0.0308,0,0,-0.0308,0.9995,0,0,0.7598,0,1],"parentBoneIndex":8,"length":1.0988
,"animation":{"dataType":3,"framePerSecond":24,"keys":[
{"frame":1,"values":[1,0,0,0,0,0.9995,0.0308,0,0,-0.0308,0.9995,0,0,0.7598,0,1]},
{"frame":250,"values":[1,0,0,0,0,0.9995,0.0308,0,0,-0.0308,0.9995,0,0,0.7598,0,1]},
{"frame":261,"values":[1,0,0,0,0,0.9995,0.0308,0,0,-0.0308,0.9995,0,0,0.7598,0,1]},
{"frame":279,"values":[1,0,0,0,0,0.9995,0.0308,0,0,-0.0308,0.9995,0,0,0.7598,0,1]}],"loopBehavior":1,"name":"anim","property":"_matrix"}},
{"name":"Bone.010","index":10,"matrix":[0,0,-1,0,0.7071,-0.7071,0,0,0.7071,0.7071,0,0,0,2.2775,0,1],"rest":[0,-1,0,0,0.7071,0,0.7071,0,0.7071,0,-0.7071,0,0,0,0,1],"parentBoneIndex":-1,"length":0.4143
,"animation":{"dataType":3,"framePerSecond":24,"keys":[
{"frame":1,"values":[0,-1,0,0,0.7071,0,0.7071,0,0.7071,0,-0.7071,0,0,0,0,1]},
{"frame":250,"values":[0,-1,0,0,0.7071,0,0.7071,0,0.7071,0,-0.7071,0,0,0,0,1]},
{"frame":261,"values":[0,-1,0,0,0.7071,0,0.7071,0,0.7071,0,-0.7071,0,0,0,0,1]},
{"frame":279,"values":[0,-1,0,0,0.7071,0,0.7071,0,0.7071,0,-0.7071,0,0,0,0,1]}],"loopBehavior":1,"name":"anim","property":"_matrix"}},
{"name":"Bone.011","index":11,"matrix":[1,0,0,0,0,0.7165,-0.6976,0,0,0.6976,0.7165,0,0,0.4143,0,1],"rest":[1,0,0,0,0,0.7165,-0.6976,0,0,0.6976,0.7165,0,0,0.4143,0,1],"parentBoneIndex":10,"length":0.7088
,"animation":{"dataType":3,"framePerSecond":24,"keys":[
{"frame":1,"values":[1,0,0,0,0,0.7165,-0.6976,0,0,0.6976,0.7165,0,0,0.4143,0,1]},
{"frame":250,"values":[1,0,0,0,0,0.7165,-0.6976,0,0,0.6976,0.7165,0,0,0.4143,0,1]},
{"frame":261,"values":[1,0,0,0,0,0.7165,-0.6976,0,0,0.6976,0.7165,0,0,0.4143,0,1]},
{"frame":262,"values":[1,0.0087,0.0007,0,-0.0059,0.7233,-0.6905,0,-0.0065,0.6904,0.7234,0,0,0.4143,0,1]},
{"frame":263,"values":[0.9994,0.0338,0.0031,0,-0.023,0.7424,-0.6695,0,-0.0249,0.6691,0.7428,0,0,0.4143,0,1]},
{"frame":264,"values":[0.9972,0.0737,0.0084,0,-0.0516,0.7707,-0.6351,0,-0.0533,0.6329,0.7724,0,0,0.4143,0,1]},
{"frame":265,"values":[0.9918,0.1267,0.0185,0,-0.0918,0.8044,-0.5869,0,-0.0892,0.5804,0.8095,0,0,0.4143,0,1]},
{"frame":266,"values":[0.981,0.1905,0.0352,0,-0.1441,0.8388,-0.5251,0,-0.1296,0.51,0.8503,0,0,0.4143,0,1]},
{"frame":267,"values":[0.9631,0.262,0.0607,0,-0.2078,0.8683,-0.4504,0,-0.1708,0.4212,0.8907,0,0,0.4143,0,1]},
{"frame":268,"values":[0.9366,0.3369,0.0963,0,-0.2817,0.8873,-0.3651,0,-0.2085,0.3148,0.926,0,0,0.4143,0,1]},
{"frame":269,"values":[0.9008,0.4102,0.1422,0,-0.3627,0.8911,-0.2727,0,-0.2386,0.1941,0.9515,0,0,0.4143,0,1]},
{"frame":270,"values":[0.8567,0.4767,0.1972,0,-0.4468,0.8767,-0.1782,0,-0.2578,0.0645,0.9641,0,0,0.4143,0,1]},
{"frame":271,"values":[0.8062,0.5322,0.2585,0,-0.5293,0.844,-0.0867,0,-0.2644,-0.0669,0.9621,0,0,0.4143,0,1]},
{"frame":272,"values":[0.7525,0.5742,0.3226,0,-0.6057,0.7957,-0.0034,0,-0.2586,-0.1928,0.9465,0,0,0.4143,0,1]},
{"frame":273,"values":[0.6991,0.6023,0.3853,0,-0.6725,0.7369,0.0684,0,-0.2427,-0.307,0.9203,0,0,0.4143,0,1]},
{"frame":274,"values":[0.6492,0.6182,0.4431,0,-0.7281,0.6737,0.127,0,-0.22,-0.4051,0.8874,0,0,0.4143,0,1]},
{"frame":275,"values":[0.6055,0.6245,0.4933,0,-0.7717,0.6122,0.1722,0,-0.1945,-0.485,0.8526,0,0,0.4143,0,1]},
{"frame":276,"values":[0.5697,0.6247,0.534,0,-0.8041,0.5579,0.2052,0,-0.1698,-0.5463,0.8202,0,0,0.4143,0,1]},
{"frame":277,"values":[0.543,0.622,0.5641,0,-0.8263,0.5153,0.2273,0,-0.1493,-0.5896,0.7938,0,0,0.4143,0,1]},
{"frame":278,"values":[0.5264,0.619,0.5828,0,-0.8394,0.4877,0.2402,0,-0.1356,-0.6156,0.7763,0,0,0.4143,0,1]},
{"frame":279,"values":[0.5206,0.6178,0.5893,0,-0.8437,0.4779,0.2444,0,-0.1306,-0.6245,0.77,0,0,0.4143,0,1]}],"loopBehavior":1,"name":"anim","property":"_matrix"}},
{"name":"Bone.012","index":12,"matrix":[1,0,0,0,0,0.9966,-0.0827,0,0,0.0827,0.9966,0,0,0.7088,0,1],"rest":[1,0,0,0,0,0.9966,-0.0827,0,0,0.0827,0.9966,0,0,0.7088,0,1],"parentBoneIndex":11,"length":1.0894
,"animation":{"dataType":3,"framePerSecond":24,"keys":[
{"frame":1,"values":[1,0,0,0,0,0.9966,-0.0827,0,0,0.0827,0.9966,0,0,0.7088,0,1]},
{"frame":250,"values":[1,0,0,0,0,0.9966,-0.0827,0,0,0.0827,0.9966,0,0,0.7088,0,1]},
{"frame":261,"values":[1,0,0,0,0,0.9966,-0.0827,0,0,0.0827,0.9966,0,0,0.7088,0,1]},
{"frame":262,"values":[1,0.0042,0.0048,0,-0.0039,0.9971,-0.0755,0,-0.0051,0.0755,0.9971,0,0,0.7088,0,1]},
{"frame":263,"values":[0.9997,0.0161,0.0187,0,-0.0151,0.9984,-0.0549,0,-0.0195,0.0546,0.9983,0,0,0.7088,0,1]},
{"frame":264,"values":[0.9986,0.0344,0.0411,0,-0.0335,0.9992,-0.0227,0,-0.0418,0.0213,0.9989,0,0,0.7088,0,1]},
{"frame":265,"values":[0.9958,0.0574,0.0717,0,-0.0589,0.9981,0.0195,0,-0.0704,-0.0236,0.9972,0,0,0.7088,0,1]},
{"frame":266,"values":[0.9904,0.0833,0.11,0,-0.0913,0.9934,0.0695,0,-0.1035,-0.0789,0.9915,0,0,0.7088,0,1]},
{"frame":267,"values":[0.9817,0.1104,0.1553,0,-0.1304,0.9835,0.1251,0,-0.139,-0.143,0.9799,0,0,0.7088,0,1]},
{"frame":268,"values":[0.9689,0.1365,0.2065,0,-0.1753,0.9673,0.1835,0,-0.1747,-0.214,0.9611,0,0,0.7088,0,1]},
{"frame":269,"values":[0.9518,0.1598,0.2619,0,-0.2251,0.9438,0.242,0,-0.2085,-0.2892,0.9343,0,0,0.7088,0,1]},
{"frame":270,"values":[0.9305,0.1789,0.3197,0,-0.2779,0.9133,0.2977,0,-0.2387,-0.3659,0.8995,0,0,0.7088,0,1]},
{"frame":271,"values":[0.9057,0.1928,0.3775,0,-0.3318,0.8766,0.3485,0,-0.2637,-0.4409,0.8579,0,0,0.7088,0,1]},
{"frame":272,"values":[0.8786,0.2011,0.4332,0,-0.3848,0.8354,0.3925,0,-0.283,-0.5115,0.8113,0,0,0.7088,0,1]},
{"frame":273,"values":[0.8504,0.2043,0.4848,0,-0.4347,0.7919,0.4288,0,-0.2963,-0.5754,0.7623,0,0,0.7088,0,1]},
{"frame":274,"values":[0.8229,0.2033,0.5306,0,-0.4798,0.7488,0.4573,0,-0.3044,-0.6309,0.7137,0,0,0.7088,0,1]},
{"frame":275,"values":[0.7975,0.1993,0.5695,0,-0.5187,0.7086,0.4784,0,-0.3082,-0.6769,0.6684,0,0,0.7088,0,1]},
{"frame":276,"values":[0.7757,0.1939,0.6006,0,-0.5503,0.6738,0.4932,0,-0.309,-0.7131,0.6293,0,0,0.7088,0,1]},
{"frame":277,"values":[0.7588,0.1886,0.6235,0,-0.5737,0.6466,0.5027,0,-0.3084,-0.7391,0.5988,0,0,0.7088,0,1]},
{"frame":278,"values":[0.7479,0.1846,0.6376,0,-0.5884,0.6291,0.508,0,-0.3073,-0.7551,0.5791,0,0,0.7088,0,1]},
{"frame":279,"values":[0.7441,0.1832,0.6425,0,-0.5935,0.6229,0.5097,0,-0.3069,-0.7606,0.5722,0,0,0.7088,0,1]}],"loopBehavior":1,"name":"anim","property":"_matrix"}}]
,"ranges":[{"name":"Action","from":0,"to":250},{"name":"ArmatureAction","from":260,"to":279}]}],
"meshes":[{"name":"Toot_Braustein.obj","id":"Toot_Braustein.obj","materialId":"woman_of_cartoon.Multimaterial#0","billboardMode":0,"position":[0,-2.2775,0],"rotation":[-1.5708,0,0],"scaling":[1,1,1],"isVisible":true,"freezeWorldMatrix":false,"isEnabled":true,"checkCollisions":false,"receiveShadows":false,"pickable":true,"tags":""
,"positions":[0.2804,0.2422,3.8143,0.302,0.2526,3.8451,0.2864,0.255,3.8119,0.2887,0.2695,3.8136,0.3044,0.2672,3.846,0.2873,0.2851,3.8191,0.2624,0.2472,3.7878,0.2678,0.2601,3.7851,0.2701,0.2745,3.7874,0.2696,0.2897,3.7949,0.2417,0.2546,3.7682,0.2467,0.2675,3.7652,0.25,0.2965,3.7771,0.2493,0.2817,3.7681,0.1047,0.3433,4.0045,0.0979,0.3587,3.974,0.1092,0.3574,4.0046
,0.1164,0.3695,4.0019,0.1054,0.3708,3.9721,0.1267,0.3786,3.9957,0.1197,0.3406,4.0296,0.1244,0.3547,4.0299,0.1313,0.3669,4.0266,0.1407,0.3759,4.0184,0.1374,0.337,4.0491,0.1423,0.351,4.0497,0.1571,0.3724,4.0361,0.1488,0.3632,4.0458,0.1569,0.3327,4.063,0.1621,0.3466,4.0638,0.175,0.3684,4.0487,0.1681,0.3589,4.0595,0.1779,0.3275,4.0714,0.1833,0.3414,4.0722
,0.1943,0.3636,4.0563,0.2001,0.3211,4.0746,0.2059,0.3349,4.0755,0.1888,0.3538,4.0677,0.2109,0.3474,4.0709,0.2234,0.3131,4.0728,0.2295,0.3268,4.0737,0.2147,0.3576,4.0593,0.2339,0.3395,4.0692,0.2466,0.3033,4.0652,0.253,0.3169,4.066,0.2362,0.3503,4.0577,0.2568,0.3299,4.0617,0.2753,0.305,4.0513,0.2787,0.3184,4.0473,0.2578,0.3413,4.0507,0.2687,0.2916,4.0507
,0.2952,0.2914,4.0289,0.2884,0.2782,4.0286,0.2983,0.3051,4.0255,0.2784,0.3307,4.0375,0.3107,0.2777,3.9995,0.3036,0.2646,3.9996,0.3134,0.2918,3.9969,0.3113,0.3062,3.991,0.2969,0.3184,4.0174,0.3195,0.266,3.9642,0.3123,0.253,3.9648,0.3221,0.2803,3.9625,0.3195,0.2956,3.9589,0.3202,0.2578,3.9246,0.3227,0.2724,3.9237,0.32,0.2881,3.9225,0.3138,0.2535,3.8837
,0.313,0.245,3.9256,0.3163,0.2681,3.8838,0.3137,0.284,3.8848,0.3067,0.2407,3.8852,0.3024,0.283,3.8494,0.1488,0.2963,3.7619,0.1762,0.2985,3.7498,0.1538,0.3097,3.7587,0.1816,0.312,3.7531,0.1875,0.325,3.7634,0.1599,0.3229,3.7618,0.1288,0.3069,3.7761,0.1336,0.3205,3.7731,0.1674,0.3351,3.7715,0.1403,0.3335,3.7759,0.1122,0.3167,3.7945,0.1168,0.3304,3.7917
,0.149,0.3448,3.7846,0.1239,0.3431,3.794,0.2189,0.2638,3.756,0.2237,0.2768,3.7528,0.2294,0.3051,3.7659,0.2271,0.2908,3.756,0.195,0.2742,3.751,0.1999,0.2873,3.7477,0.2042,0.3011,3.751,0.1712,0.2852,3.7531,0.2084,0.3148,3.7614,0.0889,0.3558,3.9028,0.0862,0.3378,3.8701,0.0905,0.3518,3.8684,0.0982,0.364,3.8688,0.1098,0.3732,3.871,0.0967,0.368,3.9025
,0.087,0.344,3.9399,0.0912,0.3581,3.9391,0.1083,0.377,3.9026,0.0989,0.3703,3.938,0.0935,0.3445,3.9743,0.1164,0.3798,3.968,0.1103,0.3793,3.9361,0.0997,0.3252,3.8159,0.1041,0.339,3.8134,0.1337,0.3537,3.8015,0.1115,0.3515,3.8151,0.0911,0.3322,3.8408,0.0955,0.3462,3.8387,0.1222,0.3614,3.8211,0.1031,0.3585,3.8398,0.1143,0.3679,3.8439,0.225,0.3744,3.9374
,0.2029,0.3802,3.919,0.2241,0.3721,3.9067,0.2236,0.3741,3.964,0.2068,0.3803,3.9427,0.2213,0.3721,3.9894,0.2079,0.3787,3.9655,0.184,0.3845,3.9307,0.1894,0.3837,3.9506,0.2069,0.3764,3.989,0.1931,0.3817,3.9695,0.166,0.3864,3.9419,0.1726,0.3854,3.9608,0.184,0.3812,3.9885,0.1943,0.3794,3.9884,0.148,0.3867,3.9523,0.1791,0.3833,3.9763,0.1559,0.3856,3.9732
,0.1659,0.3832,3.9899,0.131,0.3849,3.9612,0.1402,0.3837,3.9856,0.1766,0.3804,4.0028,0.1526,0.3812,4.0052,0.1669,0.3779,4.0204,0.1529,0.3816,3.8824,0.1408,0.3839,3.9017,0.1406,0.3809,3.8786,0.1608,0.3856,3.9201,0.1431,0.3861,3.9275,0.1238,0.3821,3.9026,0.125,0.3785,3.8745,0.1256,0.3843,3.9327,0.1895,0.3774,4.0095,0.2038,0.3738,4.0138,0.2194,0.3692,4.0156
,0.1826,0.3742,4.031,0.1994,0.3699,4.0374,0.2174,0.3647,4.04,0.236,0.3635,4.0147,0.2367,0.3666,3.9894,0.2528,0.3567,4.0108,0.2632,0.3543,3.9891,0.2513,0.3604,3.9892,0.2364,0.3582,4.0386,0.2557,0.3503,4.0327,0.2743,0.3411,4.0217,0.2474,0.363,3.9159,0.267,0.3523,3.9259,0.2442,0.3666,3.9414,0.2621,0.3569,3.9485,0.2841,0.3399,3.9359,0.2784,0.3458,3.9579
,0.24,0.3676,3.9654,0.256,0.3598,3.9691,0.2704,0.351,3.9757,0.2816,0.3416,3.9892,0.2684,0.3491,4.0038,0.2927,0.3335,3.9696,0.2993,0.326,3.9451,0.2909,0.3307,4.0043,0.304,0.3202,3.9813,0.3115,0.311,3.953,0.2522,0.3553,3.8907,0.2339,0.3624,3.8796,0.2553,0.3454,3.8664,0.24,0.3514,3.8556,0.2582,0.3337,3.8439,0.2441,0.339,3.8331,0.2693,0.3459,3.9014
,0.2697,0.338,3.877,0.2706,0.3287,3.8556,0.2851,0.3342,3.9105,0.2831,0.3289,3.8858,0.2803,0.3244,3.8665,0.2997,0.32,3.9165,0.2952,0.3159,3.8871,0.3119,0.3043,3.9203,0.3062,0.3004,3.8863,0.2876,0.3137,3.8607,0.2959,0.2992,3.8546,0.276,0.316,3.8406,0.2623,0.32,3.8241,0.2471,0.3256,3.8115,0.2824,0.301,3.8283,0.2666,0.3051,3.8074,0.2492,0.3113,3.7921
,0.2073,0.3738,3.8839,0.1914,0.3729,3.8648,0.2174,0.3656,3.8647,0.176,0.3704,3.8474,0.2014,0.3662,3.8503,0.2247,0.3557,3.8452,0.1864,0.3645,3.8349,0.2099,0.3582,3.835,0.2294,0.3445,3.8249,0.2044,0.3521,3.8142,0.1965,0.3582,3.8235,0.2157,0.3492,3.8188,0.2312,0.3322,3.8032,0.2152,0.3393,3.799,0.2309,0.319,3.7825,0.1939,0.3366,3.7801,0.2123,0.3277,3.7785
,0.186,0.3533,3.8062,0.1999,0.346,3.7988,0.1725,0.3603,3.817,0.1606,0.3667,3.83,0.1762,0.3454,3.7875,0.1599,0.3538,3.7992,0.1462,0.3614,3.814,0.1925,0.38,3.8977,0.1771,0.3837,3.9099,0.1805,0.3781,3.878,0.1691,0.3816,3.8896,0.1566,0.3837,3.8989,0.1669,0.3753,3.8601,0.1593,0.3791,3.8721,0.1515,0.3723,3.8444,0.145,0.3771,3.8604,0.136,0.3681,3.831
,0.129,0.3738,3.8509,0.2343,0.2434,3.7766,0.2252,0.2336,3.7888,0.254,0.2364,3.7953,0.2151,0.2244,3.8028,0.2435,0.227,3.8062,0.271,0.2316,3.8206,0.2319,0.2184,3.8188,0.2592,0.2225,3.8298,0.2954,0.2399,3.8471,0.2851,0.2294,3.852,0.2463,0.2143,3.8404,0.2723,0.2205,3.8591,0.1338,0.3222,4.0453,0.1311,0.3071,4.0393,0.1169,0.3257,4.0266,0.1289,0.2917,4.0323
,0.1154,0.3103,4.0219,0.1026,0.3282,4.0026,0.1145,0.2947,4.0163,0.102,0.3127,3.9995,0.0919,0.3294,3.9738,0.1023,0.2969,3.9958,0.0921,0.3138,3.9726,0.1938,0.307,4.0697,0.1871,0.2929,4.062,0.1725,0.3131,4.0665,0.1802,0.2787,4.0531,0.1672,0.2986,4.0591,0.1524,0.3181,4.0585,0.162,0.284,4.0504,0.1485,0.3032,4.0517,0.1448,0.2882,4.0436,0.2383,0.29,4.0607
,0.2594,0.2788,4.0468,0.2285,0.277,4.0537,0.2483,0.2666,4.0407,0.2181,0.2642,4.0454,0.216,0.2993,4.068,0.2078,0.2857,4.0605,0.1992,0.2722,4.0516,0.2928,0.253,3.9979,0.3011,0.2419,3.9646,0.2794,0.2425,3.9952,0.2871,0.2322,3.9641,0.2647,0.2326,3.9918,0.2782,0.266,4.0257,0.2658,0.2546,4.021,0.2523,0.2437,4.0155,0.2362,0.2547,4.0336,0.2959,0.2302,3.8885
,0.2582,0.2124,3.8672,0.2823,0.2212,3.8931,0.3018,0.2343,3.9271,0.2674,0.2131,3.8983,0.2878,0.225,3.9291,0.2718,0.2231,3.9634,0.1256,0.2935,3.7842,0.1097,0.3028,3.8017,0.1235,0.2803,3.7959,0.1086,0.289,3.8122,0.1219,0.2672,3.8093,0.1083,0.2751,3.8243,0.1448,0.2833,3.7706,0.1414,0.2708,3.7831,0.1383,0.2585,3.7977,0.1663,0.2727,3.7622,0.1615,0.2609,3.7753
,0.1568,0.2495,3.7905,0.1893,0.2622,3.7602,0.183,0.2511,3.7734,0.1765,0.2404,3.7888,0.2124,0.2522,3.7649,0.2047,0.2418,3.7779,0.1963,0.2319,3.7928,0.0856,0.3289,3.9408,0.0931,0.2979,3.9712,0.0862,0.3133,3.9419,0.0834,0.3268,3.9065,0.0847,0.3417,3.9041,0.0841,0.3113,3.9099,0.0859,0.2956,3.9137,0.0878,0.2975,3.943,0.0848,0.323,3.8741,0.0855,0.3078,3.8796
,0.0871,0.2924,3.886,0.0895,0.3177,3.846,0.0899,0.3028,3.8535,0.0911,0.2878,3.8621,0.0977,0.3109,3.8222,0.0975,0.2965,3.8313,0.0981,0.282,3.8417,-0.2804,0.2422,3.8143,-0.302,0.2526,3.8451,-0.2954,0.2399,3.8471,-0.2624,0.2472,3.7878,-0.2864,0.255,3.8119,-0.2417,0.2546,3.7682,-0.2678,0.2601,3.7851,-0.2887,0.2695,3.8136,-0.2701,0.2745,3.7874,-0.2467,0.2675,3.7652
,-0.2873,0.2851,3.8191,-0.3044,0.2672,3.846,-0.2696,0.2897,3.7949,-0.25,0.2965,3.7771,-0.2493,0.2817,3.7681,-0.1047,0.3433,4.0045,-0.0979,0.3587,3.974,-0.0935,0.3445,3.9743,-0.1197,0.3406,4.0296,-0.1092,0.3574,4.0046,-0.1374,0.337,4.0491,-0.1244,0.3547,4.0299,-0.1164,0.3695,4.0019,-0.1313,0.3669,4.0266,-0.1423,0.351,4.0497,-0.1488,0.3632,4.0458,-0.1267,0.3786,3.9957
,-0.1054,0.3708,3.9721,-0.1407,0.3759,4.0184,-0.1571,0.3724,4.0361,-0.1569,0.3327,4.063,-0.1621,0.3466,4.0638,-0.1779,0.3275,4.0714,-0.1833,0.3414,4.0722,-0.2001,0.3211,4.0746,-0.2059,0.3349,4.0755,-0.1681,0.3589,4.0595,-0.1888,0.3538,4.0677,-0.175,0.3684,4.0487,-0.1943,0.3636,4.0563,-0.2109,0.3474,4.0709,-0.2234,0.3131,4.0728,-0.2466,0.3033,4.0652,-0.2295,0.3268,4.0737
,-0.2753,0.305,4.0513,-0.253,0.3169,4.066,-0.2339,0.3395,4.0692,-0.2568,0.3299,4.0617,-0.2787,0.3184,4.0473,-0.2147,0.3576,4.0593,-0.2362,0.3503,4.0577,-0.2578,0.3413,4.0507,-0.2687,0.2916,4.0507,-0.2952,0.2914,4.0289,-0.2884,0.2782,4.0286,-0.3107,0.2777,3.9995,-0.3036,0.2646,3.9996,-0.3195,0.266,3.9642,-0.2983,0.3051,4.0255,-0.3134,0.2918,3.9969,-0.3221,0.2803,3.9625
,-0.2784,0.3307,4.0375,-0.3113,0.3062,3.991,-0.3195,0.2956,3.9589,-0.3123,0.253,3.9648,-0.3202,0.2578,3.9246,-0.313,0.245,3.9256,-0.3138,0.2535,3.8837,-0.3067,0.2407,3.8852,-0.3227,0.2724,3.9237,-0.3163,0.2681,3.8838,-0.32,0.2881,3.9225,-0.3137,0.284,3.8848,-0.3024,0.283,3.8494,-0.1762,0.2985,3.7498,-0.1488,0.2963,3.7619,-0.1538,0.3097,3.7587,-0.1288,0.3069,3.7761
,-0.1336,0.3205,3.7731,-0.1122,0.3167,3.7945,-0.1168,0.3304,3.7917,-0.1816,0.312,3.7531,-0.1599,0.3229,3.7618,-0.1403,0.3335,3.7759,-0.1875,0.325,3.7634,-0.1674,0.3351,3.7715,-0.1239,0.3431,3.794,-0.149,0.3448,3.7846,-0.2189,0.2638,3.756,-0.2237,0.2768,3.7528,-0.195,0.2742,3.751,-0.1999,0.2873,3.7477,-0.1712,0.2852,3.7531,-0.2271,0.2908,3.756,-0.2042,0.3011,3.751
,-0.2294,0.3051,3.7659,-0.2084,0.3148,3.7614,-0.0862,0.3378,3.8701,-0.0889,0.3558,3.9028,-0.0905,0.3518,3.8684,-0.087,0.344,3.9399,-0.0912,0.3581,3.9391,-0.0982,0.364,3.8688,-0.0967,0.368,3.9025,-0.0989,0.3703,3.938,-0.1098,0.3732,3.871,-0.1083,0.377,3.9026,-0.1103,0.3793,3.9361,-0.1164,0.3798,3.968,-0.0997,0.3252,3.8159,-0.1041,0.339,3.8134,-0.0911,0.3322,3.8408
,-0.0955,0.3462,3.8387,-0.1115,0.3515,3.8151,-0.1031,0.3585,3.8398,-0.1337,0.3537,3.8015,-0.1222,0.3614,3.8211,-0.1143,0.3679,3.8439,-0.2029,0.3802,3.919,-0.225,0.3744,3.9374,-0.2241,0.3721,3.9067,-0.184,0.3845,3.9307,-0.2068,0.3803,3.9427,-0.166,0.3864,3.9419,-0.1894,0.3837,3.9506,-0.2236,0.3741,3.964,-0.2079,0.3787,3.9655,-0.1726,0.3854,3.9608,-0.1931,0.3817,3.9695
,-0.2213,0.3721,3.9894,-0.2069,0.3764,3.989,-0.184,0.3812,3.9885,-0.1791,0.3833,3.9763,-0.148,0.3867,3.9523,-0.1559,0.3856,3.9732,-0.131,0.3849,3.9612,-0.1402,0.3837,3.9856,-0.1659,0.3832,3.9899,-0.1526,0.3812,4.0052,-0.1766,0.3804,4.0028,-0.1669,0.3779,4.0204,-0.1529,0.3816,3.8824,-0.1408,0.3839,3.9017,-0.1566,0.3837,3.8989,-0.1406,0.3809,3.8786,-0.1238,0.3821,3.9026
,-0.125,0.3785,3.8745,-0.1608,0.3856,3.9201,-0.1431,0.3861,3.9275,-0.1256,0.3843,3.9327,-0.1895,0.3774,4.0095,-0.1943,0.3794,3.9884,-0.1826,0.3742,4.031,-0.2038,0.3738,4.0138,-0.1994,0.3699,4.0374,-0.2194,0.3692,4.0156,-0.2174,0.3647,4.04,-0.236,0.3635,4.0147,-0.2364,0.3582,4.0386,-0.2528,0.3567,4.0108,-0.2367,0.3666,3.9894,-0.2557,0.3503,4.0327,-0.2632,0.3543,3.9891
,-0.2684,0.3491,4.0038,-0.2743,0.3411,4.0217,-0.2474,0.363,3.9159,-0.2442,0.3666,3.9414,-0.267,0.3523,3.9259,-0.24,0.3676,3.9654,-0.2621,0.3569,3.9485,-0.2513,0.3604,3.9892,-0.2841,0.3399,3.9359,-0.256,0.3598,3.9691,-0.2784,0.3458,3.9579,-0.2816,0.3416,3.9892,-0.2704,0.351,3.9757,-0.2909,0.3307,4.0043,-0.2969,0.3184,4.0174,-0.2927,0.3335,3.9696,-0.304,0.3202,3.9813
,-0.2993,0.326,3.9451,-0.3115,0.311,3.953,-0.2522,0.3553,3.8907,-0.2693,0.3459,3.9014,-0.2851,0.3342,3.9105,-0.2553,0.3454,3.8664,-0.2339,0.3624,3.8796,-0.2697,0.338,3.877,-0.2831,0.3289,3.8858,-0.2582,0.3337,3.8439,-0.24,0.3514,3.8556,-0.2706,0.3287,3.8556,-0.2803,0.3244,3.8665,-0.2997,0.32,3.9165,-0.3119,0.3043,3.9203,-0.2952,0.3159,3.8871,-0.3062,0.3004,3.8863
,-0.2876,0.3137,3.8607,-0.2959,0.2992,3.8546,-0.276,0.316,3.8406,-0.2824,0.301,3.8283,-0.2623,0.32,3.8241,-0.2666,0.3051,3.8074,-0.2441,0.339,3.8331,-0.2471,0.3256,3.8115,-0.2492,0.3113,3.7921,-0.2073,0.3738,3.8839,-0.2174,0.3656,3.8647,-0.2247,0.3557,3.8452,-0.1914,0.3729,3.8648,-0.2014,0.3662,3.8503,-0.2294,0.3445,3.8249,-0.2099,0.3582,3.835,-0.176,0.3704,3.8474
,-0.1864,0.3645,3.8349,-0.2044,0.3521,3.8142,-0.2157,0.3492,3.8188,-0.2312,0.3322,3.8032,-0.2309,0.319,3.7825,-0.2152,0.3393,3.799,-0.2123,0.3277,3.7785,-0.1999,0.346,3.7988,-0.1939,0.3366,3.7801,-0.186,0.3533,3.8062,-0.1965,0.3582,3.8235,-0.1762,0.3454,3.7875,-0.1725,0.3603,3.817,-0.1599,0.3538,3.7992,-0.1606,0.3667,3.83,-0.1462,0.3614,3.814,-0.1925,0.38,3.8977
,-0.1805,0.3781,3.878,-0.1669,0.3753,3.8601,-0.1771,0.3837,3.9099,-0.1691,0.3816,3.8896,-0.1593,0.3791,3.8721,-0.1515,0.3723,3.8444,-0.136,0.3681,3.831,-0.145,0.3771,3.8604,-0.129,0.3738,3.8509,-0.2343,0.2434,3.7766,-0.254,0.2364,3.7953,-0.271,0.2316,3.8206,-0.2851,0.2294,3.852,-0.2252,0.2336,3.7888,-0.2435,0.227,3.8062,-0.2592,0.2225,3.8298,-0.2723,0.2205,3.8591
,-0.2151,0.2244,3.8028,-0.2319,0.2184,3.8188,-0.2463,0.2143,3.8404,-0.2582,0.2124,3.8672,-0.1338,0.3222,4.0453,-0.1169,0.3257,4.0266,-0.1026,0.3282,4.0026,-0.0919,0.3294,3.9738,-0.1311,0.3071,4.0393,-0.1154,0.3103,4.0219,-0.102,0.3127,3.9995,-0.0921,0.3138,3.9726,-0.1289,0.2917,4.0323,-0.1145,0.2947,4.0163,-0.1023,0.2969,3.9958,-0.0931,0.2979,3.9712,-0.1938,0.307,4.0697
,-0.1725,0.3131,4.0665,-0.1524,0.3181,4.0585,-0.1871,0.2929,4.062,-0.1672,0.2986,4.0591,-0.1485,0.3032,4.0517,-0.1802,0.2787,4.0531,-0.162,0.284,4.0504,-0.1448,0.2882,4.0436,-0.2383,0.29,4.0607,-0.216,0.2993,4.068,-0.2285,0.277,4.0537,-0.2594,0.2788,4.0468,-0.2078,0.2857,4.0605,-0.2181,0.2642,4.0454,-0.2483,0.2666,4.0407,-0.1992,0.2722,4.0516,-0.2928,0.253,3.9979
,-0.2782,0.266,4.0257,-0.2794,0.2425,3.9952,-0.3011,0.2419,3.9646,-0.2658,0.2546,4.021,-0.2647,0.2326,3.9918,-0.2871,0.2322,3.9641,-0.2523,0.2437,4.0155,-0.2362,0.2547,4.0336,-0.2959,0.2302,3.8885,-0.3018,0.2343,3.9271,-0.2823,0.2212,3.8931,-0.2878,0.225,3.9291,-0.2674,0.2131,3.8983,-0.2724,0.2166,3.9314,-0.2718,0.2231,3.9634,-0.1256,0.2935,3.7842,-0.1448,0.2833,3.7706
,-0.1663,0.2727,3.7622,-0.1235,0.2803,3.7959,-0.1097,0.3028,3.8017,-0.1414,0.2708,3.7831,-0.1615,0.2609,3.7753,-0.1219,0.2672,3.8093,-0.1086,0.289,3.8122,-0.1383,0.2585,3.7977,-0.1568,0.2495,3.7905,-0.1893,0.2622,3.7602,-0.2124,0.2522,3.7649,-0.183,0.2511,3.7734,-0.2047,0.2418,3.7779,-0.1765,0.2404,3.7888,-0.1963,0.2319,3.7928,-0.0856,0.3289,3.9408,-0.0834,0.3268,3.9065
,-0.0847,0.3417,3.9041,-0.0848,0.323,3.8741,-0.0841,0.3113,3.9099,-0.0855,0.3078,3.8796,-0.0862,0.3133,3.9419,-0.0859,0.2956,3.9137,-0.0871,0.2924,3.886,-0.0895,0.3177,3.846,-0.0977,0.3109,3.8222,-0.0899,0.3028,3.8535,-0.0975,0.2965,3.8313,-0.0911,0.2878,3.8621,-0.0981,0.282,3.8417,-0.1083,0.2751,3.8243,0.2724,0.2166,3.9314,-0.0878,0.2975,3.943,0.238,0.3949,3.9754
,0.2562,0.3776,3.9701,0.2602,0.3848,3.9732,0.2328,0.3816,3.9702,0.2342,0.3879,3.9722,0.2326,0.3755,3.9688,0.2548,0.3711,3.9682,0.2805,0.3716,3.9703,0.2764,0.3644,3.9674,0.2546,0.3651,3.9667,0.2749,0.3581,3.9654,0.2984,0.3558,3.9674,0.2942,0.349,3.9645,0.2747,0.3522,3.964,0.2927,0.3431,3.9626,0.1883,0.4001,3.9732,0.1711,0.4096,3.9768,0.1675,0.4029,3.9727
,0.1871,0.3939,3.9711,0.1662,0.3966,3.9704,0.166,0.3906,3.9689,0.1869,0.3879,3.9696,0.1916,0.4064,3.9768,0.2111,0.3953,3.9732,0.2146,0.4019,3.9765,0.2098,0.3891,3.9711,0.2096,0.383,3.9697,0.135,0.405,3.971,0.128,0.4164,3.9781,0.1214,0.4053,3.97,0.1335,0.3981,3.9679,0.1207,0.3983,3.9666,0.1253,0.3944,3.966,0.15,0.4044,3.9719,0.1404,0.4143,3.9775
,0.1485,0.3978,3.9692,0.1347,0.3926,3.9666,0.1543,0.4121,3.9771,0.1484,0.3918,3.9677,0.3136,0.3379,3.965,0.3094,0.3318,3.9621,0.2924,0.3376,3.9612,0.3077,0.3267,3.9602,0.327,0.3185,3.9631,0.3226,0.3134,3.96,0.3073,0.3221,3.9588,0.3205,0.3099,3.9581,0.3395,0.2984,3.9615,0.3347,0.2946,3.9581,0.327,0.2981,3.9561,0.319,0.3081,3.957,0.3039,0.3992,3.992
,0.3275,0.3929,4.0042,0.3083,0.4098,4.0061,0.3301,0.4036,4.0221,0.3103,0.4207,4.0231,0.3314,0.4144,4.0416,0.311,0.4317,4.0415,0.2826,0.4126,3.995,0.2864,0.4237,4.0083,0.2877,0.4354,4.0241,0.2877,0.4475,4.0411,0.259,0.4221,3.9973,0.2621,0.4337,4.0098,0.2627,0.4464,4.0243,0.262,0.4595,4.0398,0.2361,0.4389,4.0097,0.236,0.4522,4.023,0.2347,0.4661,4.0371
,0.211,0.4398,4.0076,0.2338,0.4272,3.9981,0.2096,0.4526,4.0191,0.2074,0.4665,4.0316,0.194,0.4297,3.9969,0.1897,0.4371,4.0031,0.1857,0.4479,4.0119,0.1817,0.4602,4.022,0.1408,0.4315,3.9917,0.1507,0.4261,3.9882,0.1624,0.421,3.9853,0.1659,0.4382,4.0007,0.1591,0.4474,4.0076,0.1775,0.4167,3.9832,0.1743,0.4299,3.9947,0.1857,0.4237,3.9904,0.3717,0.3338,4.0027
,0.353,0.3428,3.9872,0.3663,0.3212,3.9871,0.3729,0.3484,4.0189,0.3584,0.3543,4.0028,0.3695,0.3643,4.0319,0.3609,0.3671,4.0208,0.3387,0.3635,3.9878,0.344,0.3742,4.0031,0.3612,0.3806,4.039,0.3468,0.3856,4.0216,0.3226,0.3826,3.9893,0.3483,0.3973,4.0414,0.2746,0.2979,3.7755,0.2494,0.3009,3.7618,0.2517,0.3079,3.7585,0.2957,0.2884,3.7971,0.2721,0.2916,3.7793
,0.3158,0.2792,3.8212,0.2931,0.283,3.8017,0.2472,0.2944,3.7638,0.2699,0.2857,3.7817,0.3133,0.2749,3.8265,0.2912,0.278,3.8047,0.2452,0.2889,3.7653,0.2681,0.2807,3.7835,0.3116,0.2708,3.8302,0.2896,0.2737,3.8069,0.3187,0.2837,3.8138,0.2987,0.2939,3.7907,0.2774,0.3043,3.7697,0.3194,0.2891,3.8036,0.3013,0.2996,3.7824,0.2804,0.3107,3.7625,0.2541,0.3151,3.7533
,0.3147,0.2963,3.7899,0.3025,0.3059,3.7725,0.2833,0.3172,3.7544,0.2564,0.3222,3.7466,0.1742,0.3325,3.7521,0.2006,0.3294,3.7452,0.199,0.3221,3.7481,0.2266,0.3186,3.7483,0.2246,0.3113,3.7513,0.1723,0.3262,3.7537,0.197,0.3152,3.7497,0.2225,0.3044,3.7531,0.1705,0.3207,3.7549,0.1952,0.3095,3.751,0.2206,0.2987,3.7544,0.2282,0.3261,3.7434,0.1756,0.3394,3.7492
,0.2014,0.3368,3.7403,0.2295,0.3336,3.7369,0.1758,0.3462,3.7443,0.2016,0.3442,3.734,0.2588,0.3293,3.7391,0.2306,0.3411,3.7297,0.1751,0.3531,3.7379,0.2014,0.3516,3.7269,0.112,0.3627,3.7928,0.1304,0.3511,3.7781,0.1101,0.3597,3.7958,0.132,0.3556,3.7751,0.1515,0.3422,3.7627,0.1529,0.348,3.7598,0.1281,0.3468,3.7797,0.1075,0.3567,3.7974,0.1494,0.3367,3.7643
,0.1262,0.3428,3.7809,0.1054,0.3537,3.7986,0.1477,0.3319,3.7656,0.1529,0.3539,3.7549,0.1323,0.3601,3.7702,0.1128,0.3656,3.7877,0.1519,0.3597,3.7485,0.132,0.3644,3.7634,0.1147,0.3679,3.7799,0.1506,0.3655,3.7412,0.1325,0.3684,3.7551,0.1205,0.369,3.769,0.2964,0.3892,3.9817,0.2756,0.4023,3.985,0.2878,0.3799,3.9748,0.3147,0.3728,3.9788,0.2525,0.4118,3.9876
,0.2673,0.393,3.9779,0.3058,0.3638,3.9718,0.2447,0.4028,3.9804,0.2108,0.4292,3.9978,0.228,0.4174,3.9888,0.2046,0.4207,3.9894,0.2208,0.4091,3.9816,0.1976,0.4132,3.9823,0.148,0.3216,3.7707,0.1695,0.3132,3.7585,0.1696,0.3103,3.7607,0.1295,0.3319,3.7831,0.1472,0.3246,3.7689,0.1158,0.3404,3.7936,0.1267,0.3358,3.7833,0.1697,0.3165,3.7566,0.1469,0.3279,3.7671
,0.108,0.3464,3.7987,0.1256,0.3393,3.7822,0.1051,0.3505,3.7996,0.217,0.2885,3.7604,0.2422,0.2817,3.7691,0.2409,0.2792,3.7713,0.193,0.2991,3.7569,0.218,0.2912,3.7582,0.1934,0.3018,3.7547,0.2436,0.2848,3.7671,0.2191,0.2944,3.7561,0.194,0.3051,3.7527,0.2973,0.2633,3.8247,0.2861,0.2678,3.8097,0.3054,0.2628,3.8328,0.2829,0.2663,3.8087,0.265,0.274,3.7873
,0.2881,0.2703,3.8088,0.309,0.2643,3.8346,0.2665,0.2769,3.7854,0.3103,0.2672,3.8329,0.3445,0.333,3.9758,0.3305,0.3538,3.9769,0.335,0.325,3.9681,0.3576,0.3113,3.9752,0.3213,0.3452,3.9696,0.3477,0.3039,3.9669,-0.2562,0.3776,3.9701,-0.238,0.3949,3.9754,-0.2602,0.3848,3.9732,-0.2805,0.3716,3.9703,-0.2984,0.3558,3.9674,-0.2764,0.3644,3.9674,-0.2328,0.3816,3.9702
,-0.2548,0.3711,3.9682,-0.2942,0.349,3.9645,-0.2749,0.3581,3.9654,-0.2326,0.3755,3.9688,-0.2546,0.3651,3.9667,-0.2927,0.3431,3.9626,-0.2747,0.3522,3.964,-0.1711,0.4096,3.9768,-0.1883,0.4001,3.9732,-0.1675,0.4029,3.9727,-0.2111,0.3953,3.9732,-0.1916,0.4064,3.9768,-0.2146,0.4019,3.9765,-0.2342,0.3879,3.9722,-0.1871,0.3939,3.9711,-0.1662,0.3966,3.9704,-0.2098,0.3891,3.9711
,-0.166,0.3906,3.9689,-0.1869,0.3879,3.9696,-0.2096,0.383,3.9697,-0.128,0.4164,3.9781,-0.135,0.405,3.971,-0.1214,0.4053,3.97,-0.1404,0.4143,3.9775,-0.15,0.4044,3.9719,-0.1543,0.4121,3.9771,-0.1335,0.3981,3.9679,-0.1485,0.3978,3.9692,-0.1253,0.3944,3.966,-0.1347,0.3926,3.9666,-0.1484,0.3918,3.9677,-0.3136,0.3379,3.965,-0.327,0.3185,3.9631,-0.3094,0.3318,3.9621
,-0.3395,0.2984,3.9615,-0.3226,0.3134,3.96,-0.3077,0.3267,3.9602,-0.3347,0.2946,3.9581,-0.3205,0.3099,3.9581,-0.2924,0.3376,3.9612,-0.3073,0.3221,3.9588,-0.327,0.2981,3.9561,-0.3314,0.2939,3.9564,-0.3039,0.3992,3.992,-0.3275,0.3929,4.0042,-0.3226,0.3826,3.9893,-0.2826,0.4126,3.995,-0.3083,0.4098,4.0061,-0.259,0.4221,3.9973,-0.2864,0.4237,4.0083,-0.3301,0.4036,4.0221
,-0.3103,0.4207,4.0231,-0.2621,0.4337,4.0098,-0.2877,0.4354,4.0241,-0.3314,0.4144,4.0416,-0.311,0.4317,4.0415,-0.2627,0.4464,4.0243,-0.2877,0.4475,4.0411,-0.2361,0.4389,4.0097,-0.2338,0.4272,3.9981,-0.211,0.4398,4.0076,-0.194,0.4297,3.9969,-0.2108,0.4292,3.9978,-0.2096,0.4526,4.0191,-0.236,0.4522,4.023,-0.1857,0.4479,4.0119,-0.262,0.4595,4.0398,-0.2074,0.4665,4.0316
,-0.2347,0.4661,4.0371,-0.1817,0.4602,4.022,-0.1408,0.4315,3.9917,-0.1507,0.4261,3.9882,-0.1659,0.4382,4.0007,-0.1591,0.4474,4.0076,-0.1624,0.421,3.9853,-0.1743,0.4299,3.9947,-0.1897,0.4371,4.0031,-0.1775,0.4167,3.9832,-0.353,0.3428,3.9872,-0.3717,0.3338,4.0027,-0.3663,0.3212,3.9871,-0.3387,0.3635,3.9878,-0.3584,0.3543,4.0028,-0.344,0.3742,4.0031,-0.3729,0.3484,4.0189
,-0.3609,0.3671,4.0208,-0.3468,0.3856,4.0216,-0.3695,0.3643,4.0319,-0.3612,0.3806,4.039,-0.3483,0.3973,4.0414,-0.2746,0.2979,3.7755,-0.2494,0.3009,3.7618,-0.2721,0.2916,3.7793,-0.2472,0.2944,3.7638,-0.2699,0.2857,3.7817,-0.2452,0.2889,3.7653,-0.2681,0.2807,3.7835,-0.2957,0.2884,3.7971,-0.2931,0.283,3.8017,-0.2912,0.278,3.8047,-0.2896,0.2737,3.8069,-0.3158,0.2792,3.8212
,-0.3133,0.2749,3.8265,-0.3116,0.2708,3.8302,-0.3103,0.2672,3.8329,-0.3187,0.2837,3.8138,-0.3194,0.2891,3.8036,-0.2987,0.2939,3.7907,-0.3147,0.2963,3.7899,-0.3013,0.2996,3.7824,-0.2774,0.3043,3.7697,-0.3025,0.3059,3.7725,-0.2804,0.3107,3.7625,-0.2517,0.3079,3.7585,-0.2541,0.3151,3.7533,-0.2564,0.3222,3.7466,-0.2833,0.3172,3.7544,-0.2588,0.3293,3.7391,-0.1742,0.3325,3.7521
,-0.2006,0.3294,3.7452,-0.1756,0.3394,3.7492,-0.199,0.3221,3.7481,-0.1723,0.3262,3.7537,-0.197,0.3152,3.7497,-0.1705,0.3207,3.7549,-0.1952,0.3095,3.751,-0.2266,0.3186,3.7483,-0.2246,0.3113,3.7513,-0.2225,0.3044,3.7531,-0.2206,0.2987,3.7544,-0.2282,0.3261,3.7434,-0.2295,0.3336,3.7369,-0.2306,0.3411,3.7297,-0.2014,0.3368,3.7403,-0.2016,0.3442,3.734,-0.2014,0.3516,3.7269
,-0.1758,0.3462,3.7443,-0.1751,0.3531,3.7379,-0.1739,0.36,3.7308,-0.112,0.3627,3.7928,-0.1304,0.3511,3.7781,-0.132,0.3556,3.7751,-0.1101,0.3597,3.7958,-0.1281,0.3468,3.7797,-0.1075,0.3567,3.7974,-0.1262,0.3428,3.7809,-0.1515,0.3422,3.7627,-0.1529,0.348,3.7598,-0.1494,0.3367,3.7643,-0.1477,0.3319,3.7656,-0.1529,0.3539,3.7549,-0.1519,0.3597,3.7485,-0.1506,0.3655,3.7412
,-0.1323,0.3601,3.7702,-0.132,0.3644,3.7634,-0.1325,0.3684,3.7551,-0.1128,0.3656,3.7877,-0.1147,0.3679,3.7799,-0.1205,0.369,3.769,-0.2964,0.3892,3.9817,-0.3147,0.3728,3.9788,-0.2878,0.3799,3.9748,-0.3058,0.3638,3.9718,-0.2756,0.4023,3.985,-0.2673,0.393,3.9779,-0.2525,0.4118,3.9876,-0.2447,0.4028,3.9804,-0.228,0.4174,3.9888,-0.2208,0.4091,3.9816,-0.2046,0.4207,3.9894
,-0.1976,0.4132,3.9823,-0.1857,0.4237,3.9904,-0.148,0.3216,3.7707,-0.1695,0.3132,3.7585,-0.1472,0.3246,3.7689,-0.1697,0.3165,3.7566,-0.1469,0.3279,3.7671,-0.1295,0.3319,3.7831,-0.1267,0.3358,3.7833,-0.1256,0.3393,3.7822,-0.1158,0.3404,3.7936,-0.108,0.3464,3.7987,-0.1051,0.3505,3.7996,-0.1054,0.3537,3.7986,-0.217,0.2885,3.7604,-0.2422,0.2817,3.7691,-0.218,0.2912,3.7582
